0
0.480001
0.939231
1.37876
1.79961
2.20273
2.58903
2.95937
3.31454
3.65532
3.98242
4.29653
4.59829
4.88831
5.16717
5.43542
5.69356
5.94209
6.18148
6.41215
6.63453
6.849
7.05594
7.25569
7.4486
7.63498
7.81513
7.98933
8.15785
8.32095
8.47887
8.63184
8.78007
8.92378
9.06316
9.1984
9.32968
9.45716
9.581
9.70136
9.81838
9.9322
10.0429
10.1507
10.2557
10.358
10.4576
10.5548
10.6495
10.7419
10.8321
10.9202
11.0062
11.0902
11.1722
11.2525
11.331
11.4077
11.4828
11.5563
11.6283
11.6988
11.7679
11.8355
11.9018
11.9669
12.0307
12.0932
12.1546
12.2149
12.274
12.3321
12.3892
12.4453
12.5003
12.5545
12.6077
12.6601
12.7116
12.7622
12.812
12.8611
12.9094
12.9569
13.0037
13.0498
13.0952
13.1399
13.184
13.2275
13.2703
13.3126
13.3542
13.3953
13.4358
13.4757
13.5152
13.5541
13.5925
13.6304
13.6678
13.7048
13.7413
13.7773
13.8129
13.8481
13.8828
13.9172
13.9511
13.9846
14.0178
14.0505
14.0829
14.1149
14.1466
14.1779
14.2089
14.2396
14.2699
14.2999
14.3295
14.3589
14.388
14.4167
14.4452
14.4734
14.5013
14.5289
14.5562
14.5833
14.6101
14.6367
14.663
14.6891
14.7149
14.7404
14.7658
14.7909
14.8157
14.8404
14.8648
14.889
14.913
14.9368
14.9603
14.9837
15.0068
15.0298
15.0526
15.0752
15.0975
15.1197
15.1418
15.1636
15.1852
15.2067
15.228
15.2492
15.2701
15.2909
15.3116
15.3321
15.3524
15.3725
15.3925
15.4124
15.4321
15.4517
15.4711
15.4903
15.5094
15.5284
15.5473
15.566
15.5845
15.603
15.6213
15.6395
15.6575
15.6754
15.6932
15.7109
15.7284
15.7459
15.7632
15.7804
15.7974
15.8144
15.8312
15.848
15.8646
15.8811
15.8975
15.9138
15.93
15.9461
15.9621
15.9779
15.9937
16.0094
16.025
16.0405
16.0558
16.0711
16.0863
16.1014
16.1164
16.1314
16.1462
16.1609
16.1756
16.1901
16.2046
16.219
16.2333
16.2475
16.2617
16.2757
16.2897
16.3036
16.3174
16.3311
16.3448
16.3584
16.3719
16.3853
16.3987
16.4119
16.4251
16.4383
16.4513
16.4643
16.4772
16.4901
16.5029
16.5156
16.5282
16.5408
16.5533
16.5657
16.5781
16.5904
16.6027
16.6148
16.627
16.639
16.651
16.6629
16.6748
16.6866
16.6984
16.7101
16.7217
16.7333
16.7448
16.7562
16.7676
16.779
16.7903
16.8015
16.8127
16.8238
16.8349
16.8459
16.8569
16.8678
16.8786
16.8894
16.9002
16.9109
16.9215
16.9322
16.9427
16.9532
16.9637
16.9741
16.9844
16.9948
17.005
17.0152
17.0254
17.0355
17.0456
17.0557
17.0656
17.0756
17.0855
17.0953
17.1052
17.1149
17.1247
17.1343
17.144
17.1536
17.1631
17.1727
17.1821
17.1916
17.201
17.2103
17.2196
17.2289
17.2382
17.2474
17.2565
17.2656
17.2747
17.2838
17.2928
17.3017
17.3107
17.3196
17.3284
17.3372
17.346
17.3548
17.3635
17.3722
17.3808
17.3894
17.398
17.4066
17.4151
17.4235
17.432
17.4404
17.4488
17.4571
17.4654
17.4737
17.4819
17.4901
17.4983
17.5065
17.5146
17.5227
17.5307
17.5388
17.5468
17.5547
17.5626
17.5706
17.5784
17.5863
17.5941
17.6019
17.6096
17.6174
17.6251
17.6327
17.6404
17.648
17.6556
17.6631
17.6707
17.6782
17.6856
17.6931
17.7005
17.7079
17.7153
17.7226
17.7299
17.7372
17.7445
17.7517
17.759
17.7661
17.7733
17.7804
17.7876
17.7946
17.8017
17.8087
17.8158
17.8228
17.8297
17.8367
17.8436
17.8505
17.8573
17.8642
17.871
17.8778
17.8846
17.8914
17.8981
17.9048
17.9115
17.9182
17.9248
17.9314
17.938
17.9446
17.9512
17.9577
17.9642
17.9707
17.9772
17.9836
17.99
17.9965
18.0028
18.0092
18.0155
18.0219
18.0282
18.0345
18.0407
18.047
18.0532
18.0594
18.0656
18.0718
18.0779
18.084
18.0901
18.0962
18.1023
18.1083
18.1144
18.1204
18.1264
18.1324
18.1383
18.1443
18.1502
18.1561
18.162
18.1678
18.1737
18.1795
18.1853
18.1911
18.1969
18.2027
18.2084
18.2141
18.2198
18.2255
18.2312
18.2369
18.2425
18.2481
18.2537
18.2593
18.2649
18.2705
18.276
18.2815
18.287
18.2925
18.298
18.3035
18.3089
18.3143
18.3198
18.3252
18.3305
18.3359
18.3413
18.3466
18.3519
18.3572
18.3625
18.3678
18.373
18.3783
18.3835
18.3887
18.3939
18.3991
18.4043
18.4095
18.4146
18.4197
18.4248
18.4299
18.435
18.4401
18.4452
18.4502
18.4552
18.4603
18.4653
18.4703
18.4752
18.4802
18.4851
18.4901
18.495
18.4999
18.5048
18.5097
18.5145
18.5194
18.5242
18.5291
18.5339
18.5387
18.5435
18.5483
18.553
18.5578
18.5625
18.5673
18.572
18.5767
18.5814
18.586
18.5907
18.5954
18.6
18.6046
18.6092
18.6138
18.6184
18.623
18.6276
18.6322
18.6367
18.6412
18.6458
18.6503
18.6548
18.6592
18.6637
18.6682
18.6726
18.6771
18.6815
18.6859
18.6903
18.6947
18.6991
18.7035
18.7079
18.7122
18.7166
18.7209
18.7252
18.7295
18.7338
18.7381
18.7424
18.7467
18.7509
18.7552
18.7594
18.7636
18.7678
18.772
18.7762
18.7804
18.7846
18.7887
18.7929
18.797
18.8012
18.8053
18.8094
18.8135
18.8176
18.8217
18.8258
18.8298
18.8339
18.8379
18.842
18.846
18.85
18.854
18.858
18.862
18.866
18.8699
18.8739
18.8778
18.8818
18.8857
18.8896
18.8935
18.8974
18.9013
18.9052
18.9091
18.9129
18.9168
18.9206
18.9245
18.9283
18.9321
18.9359
18.9397
18.9435
18.9473
18.9511
18.9549
18.9586
18.9624
18.9661
18.9698
18.9736
18.9773
18.981
18.9847
18.9884
18.9921
18.9957
18.9994
19.0031
19.0067
19.0103
19.014
19.0176
19.0212
19.0248
19.0284
19.032
19.0356
19.0392
19.0427
19.0463
19.0499
19.0534
19.0569
19.0605
19.064
19.0675
19.071
19.0745
19.078
19.0815
19.0849
19.0884
19.0919
19.0953
19.0987
19.1022
19.1056
19.109
19.1124
19.1158
19.1192
19.1226
19.126
19.1294
19.1328
19.1361
19.1395
19.1428
19.1462
19.1495
19.1528
19.1561
19.1594
19.1627
19.166
19.1693
19.1726
19.1759
19.1792
19.1824
19.1857
19.1889
19.1922
19.1954
19.1986
19.2018
19.2051
19.2083
19.2115
19.2146
19.2178
19.221
19.2242
19.2273
19.2305
19.2337
19.2368
19.2399
19.2431
19.2462
19.2493
19.2524
19.2555
19.2586
19.2617
19.2648
19.2679
19.271
19.274
19.2771
19.2802
19.2832
19.2862
19.2893
19.2923
19.2953
19.2984
19.3014
19.3044
19.3074
19.3104
19.3133
19.3163
19.3193
19.3223
19.3252
19.3282
19.3311
19.3341
19.337
19.3399
19.3429
19.3458
19.3487
19.3516
19.3545
19.3574
19.3603
19.3632
19.3661
19.3689
19.3718
19.3747
19.3775
19.3804
19.3832
19.3861
19.3889
19.3917
19.3945
19.3974
19.4002
19.403
19.4058
19.4086
19.4114
19.4141
19.4169
19.4197
19.4225
19.4252
19.428
19.4307
19.4335
19.4362
19.4389
19.4417
19.4444
19.4471
19.4498
19.4525
19.4552
19.4579
19.4606
19.4633
19.466
19.4686
19.4713
19.474
19.4766
19.4793
19.4819
19.4846
19.4872
19.4899
19.4925
19.4951
19.4977
19.5003
19.5029
19.5055
19.5081
19.5107
19.5133
19.5159
19.5185
19.5211
19.5236
19.5262
19.5287
19.5313
19.5339
19.5364
19.5389
19.5415
19.544
19.5465
19.549
19.5516
19.5541
19.5566
19.5591
19.5616
19.5641
19.5665
19.569
19.5715
19.574
19.5764
19.5789
19.5814
19.5838
19.5863
19.5887
19.5911
19.5936
19.596
19.5984
19.6008
19.6033
19.6057
19.6081
19.6105
19.6129
19.6153
19.6177
19.62
19.6224
19.6248
19.6272
19.6295
19.6319
19.6343
19.6366
19.639
19.6413
19.6436
19.646
19.6483
19.6506
19.653
19.6553
19.6576
19.6599
19.6622
19.6645
19.6668
19.6691
19.6714
19.6737
19.676
19.6782
19.6805
19.6828
19.685
19.6873
19.6895
19.6918
19.694
19.6963
19.6985
19.7008
19.703
19.7052
19.7074
19.7097
19.7119
19.7141
19.7163
19.7185
19.7207
19.7229
19.7251
19.7273
19.7294
19.7316
19.7338
19.736
19.7381
19.7403
19.7424
19.7446
19.7467
19.7489
19.751
19.7532
19.7553
19.7574
19.7596
19.7617
19.7638
19.7659
19.768
19.7701
19.7722
19.7743
19.7764
19.7785
19.7806
19.7827
19.7848
19.7869
19.7889
19.791
19.7931
19.7951
19.7972
19.7993
19.8013
19.8034
19.8054
19.8074
19.8095
19.8115
19.8135
19.8156
19.8176
19.8196
19.8216
19.8236
19.8256
19.8276
19.8296
19.8316
19.8336
19.8356
19.8376
19.8396
19.8416
19.8436
19.8455
19.8475
19.8495
19.8514
19.8534
19.8553
19.8573
19.8592
19.8612
19.8631
19.8651
19.867
19.8689
19.8709
19.8728
19.8747
19.8766
19.8785
19.8804
19.8824
19.8843
19.8862
19.8881
19.8899
19.8918
19.8937
19.8956
19.8975
19.8994
19.9012
19.9031
19.905
19.9068
19.9087
19.9106
19.9124
19.9143
19.9161
19.918
19.9198
19.9216
19.9235
19.9253
19.9271
19.929
19.9308
19.9326
19.9344
19.9362
19.938
19.9398
19.9416
19.9434
19.9452
19.947
19.9488
19.9506
19.9524
19.9542
19.956
19.9577
19.9595
19.9613
19.963
19.9648
19.9666
19.9683
19.9701
19.9718
19.9736
19.9753
19.9771
19.9788
19.9805
19.9823
19.984
19.9857
19.9875
19.9892
19.5109
19.0534
18.6156
18.1964
17.795
17.4104
17.0418
16.6883
16.3492
16.0238
15.7114
15.4113
15.123
14.8458
14.5792
14.3227
14.0759
13.8382
13.6092
13.3884
13.1756
12.9704
12.7723
12.581
12.3963
12.2178
12.0452
11.8783
11.7169
11.5606
11.4092
11.2626
11.1205
10.9828
10.8492
10.7195
10.5936
10.4714
10.3527
10.2373
10.125
10.0159
9.9097
9.80632
9.70565
9.6076
9.51204
9.41889
9.32805
9.23944
9.15296
9.06855
8.98612
8.9056
8.82692
8.75001
8.67482
8.60127
8.52931
8.45889
8.38995
8.32245
8.25632
8.19154
8.12804
8.0658
8.00477
7.94491
7.88618
7.82854
7.77197
7.71643
7.66189
7.60832
7.55569
7.50397
7.45313
7.40315
7.35401
7.30567
7.25812
7.21134
7.1653
7.11999
7.07538
7.03146
6.9882
6.94559
6.90362
6.86226
6.8215
6.78133
6.74172
6.70268
6.66418
6.6262
6.58875
6.5518
6.51534
6.47937
6.44386
6.40882
6.37422
6.34006
6.30634
6.27303
6.24013
6.20764
6.17554
6.14382
6.11249
6.08152
6.05091
6.02065
5.99075
5.96118
5.93195
5.90304
5.87445
5.84618
5.81822
5.79056
5.76319
5.73612
5.70933
5.68282
5.65659
5.63063
5.60493
5.5795
5.55432
5.52939
5.50471
5.48027
5.45607
5.43211
5.40837
5.38487
5.36159
5.33852
5.31568
5.29304
5.27061
5.2484
5.22638
5.20456
5.18294
5.16151
5.14027
5.11922
5.09835
5.07767
5.05716
5.03683
5.01667
4.99669
4.97687
4.95722
4.93773
4.91841
4.89924
4.88023
4.86138
4.84268
4.82412
4.80572
4.78746
4.76935
4.75138
4.73355
4.71586
4.6983
4.68088
4.66359
4.64644
4.62941
4.61252
4.59574
4.5791
4.56257
4.54617
4.52989
4.51373
4.49768
4.48175
4.46594
4.45023
4.43464
4.41916
4.40379
4.38852
4.37336
4.35831
4.34336
4.32851
4.31377
4.29912
4.28457
4.27012
4.25577
4.24152
4.22735
4.21329
4.19931
4.18543
4.17163
4.15793
4.14431
4.13078
4.11734
4.10399
4.09071
4.07753
4.06442
4.0514
4.03846
4.0256
4.01281
4.00011
3.98749
3.97494
3.96247
3.95007
3.93775
3.9255
3.91332
3.90122
3.88919
3.87723
3.86534
3.85352
3.84177
3.83009
3.81847
3.80692
3.79544
3.78402
3.77267
3.76138
3.75016
3.739
3.7279
3.71687
3.70589
3.69498
3.68412
3.67333
3.6626
3.65192
3.6413
3.63074
3.62024
3.60979
3.5994
3.58906
3.57878
3.56856
3.55838
3.54826
3.5382
3.52819
3.51822
3.50831
3.49846
3.48865
3.47889
3.46918
3.45953
3.44992
3.44036
3.43085
3.42138
3.41196
3.40259
3.39327
3.38399
3.37476
3.36558
3.35644
3.34734
3.33829
3.32928
3.32032
3.3114
3.30252
3.29369
3.28489
3.27614
3.26743
3.25877
3.25014
3.24155
3.23301
3.2245
3.21603
3.20761
3.19922
3.19087
3.18256
3.17428
3.16605
3.15785
3.14969
3.14157
3.13348
3.12543
3.11742
3.10944
3.1015
3.09359
3.08572
3.07788
3.07008
3.06231
3.05457
3.04687
3.03921
3.03157
3.02397
3.01641
3.00887
3.00137
2.9939
2.98646
2.97905
2.97168
2.96433
2.95702
2.94974
2.94249
2.93526
2.92807
2.92091
2.91378
2.90668
2.89961
2.89256
2.88555
2.87856
2.87161
2.86468
2.85778
2.8509
2.84406
2.83724
2.83045
2.82369
2.81695
2.81024
2.80356
2.79691
2.79028
2.78367
2.7771
2.77054
2.76402
2.75752
2.75104
2.74459
2.73817
2.73177
2.72539
2.71904
2.71272
2.70641
2.70014
2.69388
2.68765
2.68144
2.67526
2.6691
2.66296
2.65685
2.65076
2.64469
2.63865
2.63262
2.62662
2.62064
2.61469
2.60875
2.60284
2.59695
2.59108
2.58523
2.5794
2.57359
2.56781
2.56204
2.5563
2.55058
2.54487
2.53919
2.53353
2.52789
2.52227
2.51667
2.51108
2.50552
2.49998
2.49445
2.48895
2.48347
2.478
2.47255
2.46713
2.46172
2.45633
2.45095
2.4456
2.44027
2.43495
2.42965
2.42437
2.41911
2.41386
2.40864
2.40343
2.39823
2.39306
2.3879
2.38276
2.37764
2.37253
2.36745
2.36237
2.35732
2.35228
2.34726
2.34225
2.33727
2.33229
2.32734
2.3224
2.31747
2.31256
2.30767
2.3028
2.29794
2.29309
2.28826
2.28345
2.27865
2.27387
2.2691
2.26435
2.25961
2.25489
2.25018
2.24549
2.24081
2.23615
2.2315
2.22686
2.22224
2.21764
2.21305
2.20847
2.20391
2.19936
2.19482
2.1903
2.1858
2.18131
2.17683
2.17236
2.16791
2.16347
2.15905
2.15464
2.15024
2.14585
2.14148
2.13712
2.13278
2.12845
2.12413
2.11982
2.11553
2.11125
2.10698
2.10272
2.09848
2.09425
2.09003
2.08583
2.08164
2.07745
2.07329
2.06913
2.06499
2.06085
2.05673
2.05263
2.04853
2.04444
2.04037
2.03631
2.03226
2.02822
2.0242
2.02018
2.01618
2.01219
2.00821
2.00424
2.00028
1.99633
1.9924
1.98847
1.98456
1.98066
1.97677
1.97288
1.96902
1.96516
1.96131
1.95747
1.95364
1.94983
1.94602
1.94222
1.93844
1.93467
1.9309
1.92715
1.9234
1.91967
1.91595
1.91223
1.90853
1.90484
1.90115
1.89748
1.89382
1.89017
1.88652
1.88289
1.87926
1.87565
1.87205
1.86845
1.86487
1.86129
1.85772
1.85417
1.85062
1.84708
1.84355
1.84003
1.83652
1.83302
1.82953
1.82605
1.82257
1.81911
1.81565
1.81221
1.80877
1.80534
1.80192
1.79851
1.79511
1.79171
1.78833
1.78495
1.78158
1.77823
1.77488
1.77153
1.7682
1.76488
1.76156
1.75825
1.75495
1.75166
1.74838
1.74511
1.74184
1.73858
1.73533
1.73209
1.72886
1.72563
1.72241
1.7192
1.716
1.71281
1.70962
1.70645
1.70328
1.70011
1.69696
1.69381
1.69067
1.68754
1.68442
1.6813
1.6782
1.6751
1.672
1.66892
1.66584
1.66277
1.65971
1.65665
1.6536
1.65056
1.64753
1.6445
1.64149
1.63847
1.63547
1.63247
1.62948
1.6265
1.62352
1.62056
1.61759
1.61464
1.61169
1.60875
1.60582
1.60289
1.59997
1.59706
1.59415
1.59125
1.58836
1.58548
1.5826
1.57973
1.57686
1.574
1.57115
1.5683
1.56547
1.56263
1.55981
1.55699
1.55418
1.55137
1.54857
1.54578
1.54299
1.54021
1.53744
1.53467
1.53191
1.52915
1.5264
1.52366
1.52093
1.5182
1.51547
1.51276
1.51004
1.50734
1.50464
1.50195
1.49926
1.49658
1.4939
1.49124
1.48857
1.48592
1.48327
1.48062
1.47798
1.47535
1.47272
1.4701
1.46748
1.46487
1.46227
1.45967
1.45708
1.45449
1.45191
1.44934
1.44677
1.4442
1.44164
1.43909
1.43654
1.434
1.43147
1.42894
1.42641
1.42389
1.42138
1.41887
1.41637
1.41387
1.41138
1.40889
1.40641
1.40393
1.40146
1.399
1.39654
1.39408
1.39163
1.38919
1.38675
1.38432
1.38189
1.37947
1.37705
1.37463
1.37223
1.36982
1.36743
1.36503
1.36265
1.36026
1.35789
1.35552
1.35315
1.35079
1.34843
1.34608
1.34373
1.34139
1.33905
1.33672
1.33439
1.33207
1.32975
1.32744
1.32513
1.32283
1.32053
1.31823
1.31594
1.31366
1.31138
1.30911
1.30684
1.30457
1.30231
1.30005
1.2978
1.29556
1.29331
1.29108
1.28884
1.28662
1.28439
1.28217
1.27996
1.27775
1.27554
1.27334
1.27115
1.26896
1.26677
1.26458
1.26241
1.26023
1.25806
1.2559
1.25374
1.25158
1.24943
1.24728
1.24514
1.243
1.24086
1.23873
1.23661
1.23448
1.23237
1.23025
1.22814
1.22604
1.22394
1.22184
1.21975
1.21766
1.21558
1.2135
1.21142
1.20935
1.20728
1.20522
1.20316
1.20111
1.19906
1.19701
1.19497
1.19293
1.19089
1.18886
1.18683
1.18481
1.18279
1.18078
1.17877
1.17676
1.17476
1.17276
1.17076
1.16877
1.16679
1.1648
1.16282
1.16085
1.15888
1.15691
1.15494
1.15298
1.15103
1.14907
1.14713
1.14518
1.14324
1.1413
1.13937
1.13744
1.13551
1.13359
1.13167
1.12976
1.12784
1.12594
1.12403
1.12213
1.12024
1.11834
1.11645
1.11457
1.11269
1.11081
1.10893
1.10706
1.10519
1.10333
1.10147
1.09961
1.09776
1.09591
1.09406
1.09222
1.09038
1.08854
1.08671
1.08488
1.08306
1.08123
1.07941
1.0776
1.07579
1.07398
1.07217
1.07037
1.06858
1.06678
1.06499
1.0632
1.06142
1.05964
1.05786
1.05608
1.05431
1.05254
1.05078
1.04902
1.04726
1.04551
1.04375
1.04201
1.04026
1.03852
1.03678
1.03505
1.03332
1.03159
1.02986
1.02814
1.02642
1.0247
1.02299
1.02128
1.01958
1.01787
1.01617
1.01448
1.01278
1.01109
1.00941
1.00772
1.00604
1.00436
1.00269
1.00102
0.999347
0.997681
0.996018
0.994359
0.992702
0.991049
0.989399
0.987751
0.986107
0.984466
0.982827
0.981192
0.979559
0.97793
0.976304
0.97468
0.97306
0.971442
0.969828
0.968216
0.966608
0.965002
0.963399
0.961799
0.960202
0.958608
0.957017
0.955429
0.953843
0.952261
0.950681
0.949105
0.947531
0.94596
0.944391
0.942826
0.941263
0.939704
0.938147
0.936593
0.935041
0.933493
0.931947
0.930404
0.928864
0.927327
0.925792
0.92426
0.922731
0.921205
0.919681
0.91816
0.916642
0.915126
0.913614
0.912104
0.910596
0.909092
0.90759
0.906091
0.904594
0.9031
0.901609
0.900121
0.898635
0.897151
0.895671
0.894193
0.892718
0.891245
0.889775
0.888307
0.886842
0.88538
0.883921
0.882464
0.881009
0.879557
0.878108
0.876661
0.875217
0.873775
0.872336
0.8709
0.869466
0.868034
0.866605
0.865179
0.863755
0.862334
0.860915
0.859499
0.858085
0.856673
0.855264
0.853858
0.852454
0.851053
0.849654
0.848257
0.846863
0.845472
0.844082

