0
0.695465
1.3569
1.98616
2.58499
3.15505
3.69788
4.21495
4.70764
5.17727
5.62505
6.05214
6.45965
6.84861
7.21999
7.57472
7.91365
8.23762
8.5474
8.84372
9.12727
9.3987
9.65864
9.90767
10.1463
10.3751
10.5946
10.8052
11.0073
11.2015
11.3879
11.5672
11.7395
11.9052
12.0647
12.2183
12.3661
12.5086
12.6459
12.7783
12.906
13.0292
13.1482
13.2632
13.3742
13.4815
13.5853
13.6857
13.7829
13.877
13.9681
14.0565
14.1421
14.2251
14.3056
14.3837
14.4596
14.5333
14.6049
14.6745
14.7422
14.808
14.872
14.9343
14.995
15.0541
15.1118
15.1679
15.2227
15.2761
15.3282
15.379
15.4287
15.4771
15.5245
15.5708
15.6161
15.6603
15.7036
15.7459
15.7874
15.8279
15.8676
15.9065
15.9446
15.982
16.0186
16.0545
16.0897
16.1242
16.1581
16.1913
16.2239
16.256
16.2874
16.3184
16.3487
16.3785
16.4079
16.4367
16.465
16.4929
16.5203
16.5473
16.5738
16.5999
16.6256
16.651
16.6759
16.7004
16.7246
16.7484
16.7719
16.795
16.8178
16.8402
16.8624
16.8842
16.9057
16.927
16.9479
16.9686
16.989
17.0091
17.0289
17.0485
17.0679
17.087
17.1059
17.1245
17.1429
17.161
17.179
17.1967
17.2142
17.2315
17.2486
17.2655
17.2822
17.2988
17.3151
17.3312
17.3472
17.363
17.3786
17.394
17.4093
17.4244
17.4394
17.4541
17.4688
17.4832
17.4976
17.5118
17.5258
17.5397
17.5534
17.567
17.5805
17.5939
17.6071
17.6202
17.6331
17.646
17.6587
17.6713
17.6837
17.6961
17.7083
17.7205
17.7325
17.7444
17.7562
17.7679
17.7795
17.7909
17.8023
17.8136
17.8248
17.8359
17.8469
17.8578
17.8686
17.8793
17.8899
17.9004
17.9109
17.9212
17.9315
17.9417
17.9518
17.9618
17.9718
17.9817
17.9914
18.0011
18.0108
18.0203
18.0298
18.0392
18.0486
18.0578
18.067
18.0761
18.0852
18.0942
18.1031
18.112
18.1208
18.1295
18.1381
18.1467
18.1553
18.1637
18.1722
18.1805
18.1888
18.197
18.2052
18.2133
18.2214
18.2294
18.2374
18.2453
18.2531
18.2609
18.2686
18.2763
18.2839
18.2915
18.2991
18.3065
18.314
18.3214
18.3287
18.336
18.3432
18.3504
18.3576
18.3647
18.3717
18.3787
18.3857
18.3926
18.3995
18.4064
18.4132
18.4199
18.4266
18.4333
18.4399
18.4465
18.4531
18.4596
18.466
18.4725
18.4789
18.4852
18.4916
18.4978
18.5041
18.5103
18.5165
18.5226
18.5287
18.5348
18.5408
18.5468
18.5528
18.5587
18.5646
18.5705
18.5763
18.5821
18.5879
18.5936
18.5993
18.605
18.6106
18.6162
18.6218
18.6274
18.6329
18.6384
18.6438
18.6493
18.6547
18.66
18.6654
18.6707
18.676
18.6813
18.6865
18.6917
18.6969
18.702
18.7072
18.7123
18.7173
18.7224
18.7274
18.7324
18.7374
18.7423
18.7473
18.7522
18.757
18.7619
18.7667
18.7715
18.7763
18.7811
18.7858
18.7905
18.7952
18.7999
18.8045
18.8091
18.8137
18.8183
18.8229
18.8274
18.8319
18.8364
18.8409
18.8453
18.8498
18.8542
18.8586
18.8629
18.8673
18.8716
18.8759
18.8802
18.8845
18.8887
18.893
18.8972
18.9014
18.9056
18.9097
18.9138
18.918
18.9221
18.9262
18.9302
18.9343
18.9383
18.9423
18.9463
18.9503
18.9542
18.9582
18.9621
18.966
18.9699
18.9738
18.9777
18.9815
18.9853
18.9892
18.9929
18.9967
19.0005
19.0042
19.008
19.0117
19.0154
19.0191
19.0228
19.0264
19.0301
19.0337
19.0373
19.0409
19.0445
19.0481
19.0516
19.0552
19.0587
19.0622
19.0657
19.0692
19.0727
19.0761
19.0796
19.083
19.0864
19.0898
19.0932
19.0966
19.0999
19.1033
19.1066
19.11
19.1133
19.1166
19.1199
19.1231
19.1264
19.1297
19.1329
19.1361
19.1393
19.1425
19.1457
19.1489
19.1521
19.1552
19.1584
19.1615
19.1646
19.1677
19.1708
19.1739
19.177
19.1801
19.1831
19.1862
19.1892
19.1922
19.1952
19.1982
19.2012
19.2042
19.2071
19.2101
19.2131
19.216
19.2189
19.2218
19.2247
19.2276
19.2305
19.2334
19.2362
19.2391
19.2419
19.2448
19.2476
19.2504
19.2532
19.256
19.2588
19.2616
19.2644
19.2671
19.2699
19.2726
19.2753
19.278
19.2808
19.2835
19.2862
19.2888
19.2915
19.2942
19.2968
19.2995
19.3021
19.3048
19.3074
19.31
19.3126
19.3152
19.3178
19.3204
19.323
19.3255
19.3281
19.3306
19.3332
19.3357
19.3382
19.3407
19.3432
19.3457
19.3482
19.3507
19.3532
19.3557
19.3581
19.3606
19.363
19.3655
19.3679
19.3703
19.3727
19.3751
19.3775
19.3799
19.3823
19.3847
19.387
19.3894
19.3918
19.3941
19.3965
19.3988
19.4011
19.4034
19.4057
19.4081
19.4104
19.4126
19.4149
19.4172
19.4195
19.4217
19.424
19.4263
19.4285
19.4307
19.433
19.4352
19.4374
19.4396
19.4418
19.444
19.4462
19.4484
19.4506
19.4528
19.4549
19.4571
19.4592
19.4614
19.4635
19.4657
19.4678
19.4699
19.472
19.4742
19.4763
19.4784
19.4805
19.4825
19.4846
19.4867
19.4888
19.4908
19.4929
19.4949
19.497
19.499
19.5011
19.5031
19.5051
19.5071
19.5092
19.5112
19.5132
19.5152
19.5171
19.5191
19.5211
19.5231
19.5251
19.527
19.529
19.5309
19.5329
19.5348
19.5368
19.5387
19.5406
19.5425
19.5445
19.5464
19.5483
19.5502
19.5521
19.554
19.5558
19.5577
19.5596
19.5615
19.5633
19.5652
19.5671
19.5689
19.5708
19.5726
19.5744
19.5763
19.5781
19.5799
19.5817
19.5835
19.5854
19.5872
19.589
19.5908
19.5925
19.5943
19.5961
19.5979
19.5997
19.6014
19.6032
19.6049
19.6067
19.6084
19.6102
19.6119
19.6137
19.6154
19.6171
19.6188
19.6206
19.6223
19.624
19.6257
19.6274
19.6291
19.6308
19.6325
19.6342
19.6358
19.6375
19.6392
19.6409
19.6425
19.6442
19.6458
19.6475
19.6491
19.6508
19.6524
19.654
19.6557
19.6573
19.6589
19.6605
19.6622
19.6638
19.6654
19.667
19.6686
19.6702
19.6718
19.6734
19.6749
19.6765
19.6781
19.6797
19.6812
19.6828
19.6844
19.6859
19.6875
19.689
19.6906
19.6921
19.6937
19.6952
19.6967
19.6983
19.6998
19.7013
19.7028
19.7043
19.7059
19.7074
19.7089
19.7104
19.7119
19.7134
19.7148
19.7163
19.7178
19.7193
19.7208
19.7222
19.7237
19.7252
19.7266
19.7281
19.7296
19.731
19.7325
19.7339
19.7354
19.7368
19.7382
19.7397
19.7411
19.7425
19.7439
19.7454
19.7468
19.7482
19.7496
19.751
19.7524
19.7538
19.7552
19.7566
19.758
19.7594
19.7608
19.7622
19.7635
19.7649
19.7663
19.7677
19.769
19.7704
19.7717
19.7731
19.7745
19.7758
19.7772
19.7785
19.7798
19.7812
19.7825
19.7839
19.7852
19.7865
19.7878
19.7892
19.7905
19.7918
19.7931
19.7944
19.7957
19.797
19.7983
19.7996
19.8009
19.8022
19.8035
19.8048
19.8061
19.8074
19.8087
19.8099
19.8112
19.8125
19.8138
19.815
19.8163
19.8176
19.8188
19.8201
19.8213
19.8226
19.8238
19.8251
19.8263
19.8276
19.8288
19.83
19.8313
19.8325
19.8337
19.8349
19.8362
19.8374
19.8386
19.8398
19.841
19.8422
19.8434
19.8447
19.8459
19.8471
19.8482
19.8494
19.8506
19.8518
19.853
19.8542
19.8554
19.8566
19.8577
19.8589
19.8601
19.8613
19.8624
19.8636
19.8648
19.8659
19.8671
19.8682
19.8694
19.8705
19.8717
19.8728
19.874
19.8751
19.8763
19.8774
19.8785
19.8797
19.8808
19.8819
19.883
19.8842
19.8853
19.8864
19.8875
19.8886
19.8897
19.8909
19.892
19.8931
19.8942
19.8953
19.8964
19.8975
19.8986
19.8997
19.9007
19.9018
19.9029
19.904
19.9051
19.9062
19.9072
19.9083
19.9094
19.9105
19.9115
19.9126
19.9137
19.9147
19.9158
19.9168
19.9179
19.919
19.92
19.9211
19.9221
19.9231
19.9242
19.9252
19.9263
19.9273
19.9283
19.9294
19.9304
19.9314
19.9325
19.9335
19.9345
19.9355
19.9366
19.9376
19.9386
19.9396
19.9406
19.9416
19.9426
19.9436
19.9446
19.9456
19.9466
19.9476
19.9486
19.9496
19.9506
19.9516
19.9526
19.9536
19.9546
19.9556
19.9565
19.9575
19.9585
19.9595
19.9604
19.9614
19.9624
19.9634
19.9643
19.9653
19.9663
19.9672
19.9682
19.9691
19.9701
19.971
19.972
19.9729
19.9739
19.9748
19.9758
19.9767
19.9777
19.9786
19.9795
19.9805
19.9814
19.9823
19.9833
19.9842
19.9851
19.9861
19.987
19.9879
19.9888
19.9897
19.9907
19.9916
19.9925
19.9934
19.9943
19.9952
19.9961
19.997
19.9979
19.9988
19.9997
20.0006
20.0015
20.0024
20.0033
20.0042
20.0051
20.006
20.0069
20.0077
20.0086
20.0095
20.0104
20.0113
20.0121
20.013
20.0139
20.0148
20.0156
20.0165
20.0174
20.0182
20.0191
20.02
20.0208
20.0217
20.0225
20.0234
20.0243
20.0251
20.026
20.0268
20.0277
20.0285
20.0293
20.0302
20.031
20.0319
20.0327
20.0336
20.0344
20.0352
20.0361
20.0369
20.0377
20.0385
20.0394
20.0402
20.041
20.0418
20.0427
20.0435
20.0443
20.0451
20.0459
20.0467
20.0476
20.0484
20.0492
20.05
20.0508
20.0516
20.0524
20.0532
20.054
20.0548
20.0556
20.0564
20.0572
20.058
20.0588
20.0596
20.0604
20.0611
20.0619
20.0627
20.0635
20.0643
20.0651
20.0658
20.0666
20.0674
20.0682
20.0689
20.0697
20.0705
20.0713
20.072
19.3773
18.7167
18.0882
17.4901
16.9208
16.3787
15.8624
15.3705
14.9016
14.4546
14.0282
13.6215
13.2333
12.8626
12.5087
12.1705
11.8473
11.5382
11.2427
10.9598
10.6891
10.4299
10.1817
9.94374
9.71565
9.49692
9.28706
9.08565
8.89226
8.70651
8.52801
8.35641
8.19139
8.03262
7.87981
7.73267
7.59094
7.45435
7.32267
7.19568
7.07314
6.95487
6.84066
6.73033
6.6237
6.52061
6.42091
6.32443
6.23105
6.14062
6.05301
5.96811
5.88581
5.80598
5.72852
5.65335
5.58035
5.50945
5.44055
5.37358
5.30846
5.24511
5.18346
5.12346
5.06502
5.0081
4.95263
4.89857
4.84585
4.79442
4.74425
4.69528
4.64747
4.60077
4.55516
4.51058
4.46701
4.4244
4.38273
4.34196
4.30207
4.26302
4.22478
4.18734
4.15065
4.11471
4.07948
4.04494
4.01107
3.97785
3.94527
3.91329
3.88191
3.8511
3.82085
3.79114
3.76195
3.73328
3.7051
3.6774
3.65018
3.6234
3.59708
3.57118
3.5457
3.52064
3.49596
3.47168
3.44778
3.42424
3.40106
3.37823
3.35574
3.33358
3.31175
3.29024
3.26903
3.24813
3.22752
3.20719
3.18715
3.16738
3.14789
3.12865
3.10967
3.09094
3.07246
3.05421
3.0362
3.01842
3.00087
2.98354
2.96642
2.94951
2.93281
2.91632
2.90002
2.88392
2.868
2.85228
2.83674
2.82137
2.80619
2.79118
2.77634
2.76166
2.74715
2.7328
2.71861
2.70457
2.69068
2.67695
2.66336
2.64991
2.63661
2.62344
2.61041
2.59752
2.58476
2.57213
2.55963
2.54725
2.53499
2.52286
2.51085
2.49895
2.48717
2.47551
2.46395
2.45251
2.44118
2.42995
2.41883
2.40781
2.39689
2.38608
2.37536
2.36474
2.35422
2.34379
2.33346
2.32321
2.31306
2.303
2.29302
2.28313
2.27333
2.26361
2.25398
2.24443
2.23495
2.22556
2.21625
2.20701
2.19785
2.18877
2.17976
2.17082
2.16196
2.15317
2.14444
2.13579
2.12721
2.1187
2.11025
2.10187
2.09355
2.0853
2.07711
2.06899
2.06092
2.05292
2.04498
2.0371
2.02928
2.02152
2.01381
2.00616
1.99857
1.99103
1.98355
1.97613
1.96875
1.96143
1.95417
1.94695
1.93979
1.93267
1.92561
1.9186
1.91163
1.90471
1.89785
1.89102
1.88425
1.87752
1.87084
1.8642
1.85761
1.85106
1.84456
1.8381
1.83168
1.82531
1.81897
1.81268
1.80643
1.80022
1.79405
1.78792
1.78183
1.77578
1.76977
1.76379
1.75786
1.75196
1.74609
1.74027
1.73448
1.72873
1.72301
1.71733
1.71168
1.70607
1.70049
1.69494
1.68943
1.68395
1.67851
1.6731
1.66772
1.66237
1.65705
1.65177
1.64651
1.64129
1.6361
1.63093
1.6258
1.6207
1.61562
1.61058
1.60556
1.60058
1.59562
1.59069
1.58578
1.58091
1.57606
1.57124
1.56644
1.56168
1.55693
1.55222
1.54753
1.54286
1.53823
1.53361
1.52902
1.52446
1.51992
1.51541
1.51092
1.50645
1.50201
1.49759
1.49319
1.48882
1.48447
1.48014
1.47584
1.47155
1.46729
1.46305
1.45884
1.45464
1.45047
1.44632
1.44219
1.43807
1.43399
1.42992
1.42587
1.42184
1.41783
1.41384
1.40987
1.40593
1.402
1.39809
1.3942
1.39032
1.38647
1.38264
1.37882
1.37502
1.37124
1.36748
1.36374
1.36002
1.35631
1.35262
1.34895
1.34529
1.34165
1.33803
1.33443
1.33084
1.32727
1.32372
1.32018
1.31666
1.31316
1.30967
1.30619
1.30274
1.2993
1.29587
1.29246
1.28907
1.28569
1.28232
1.27897
1.27564
1.27232
1.26902
1.26573
1.26245
1.25919
1.25594
1.25271
1.24949
1.24629
1.2431
1.23992
1.23676
1.23361
1.23047
1.22735
1.22424
1.22115
1.21806
1.21499
1.21194
1.20889
1.20586
1.20285
1.19984
1.19685
1.19387
1.1909
1.18795
1.185
1.18207
1.17915
1.17625
1.17335
1.17047
1.1676
1.16474
1.16189
1.15905
1.15623
1.15341
1.15061
1.14782
1.14504
1.14227
1.13951
1.13677
1.13403
1.1313
1.12859
1.12589
1.12319
1.12051
1.11784
1.11518
1.11252
1.10988
1.10725
1.10463
1.10202
1.09942
1.09683
1.09425
1.09168
1.08912
1.08657
1.08402
1.08149
1.07897
1.07646
1.07395
1.07146
1.06897
1.0665
1.06403
1.06157
1.05913
1.05669
1.05426
1.05183
1.04942
1.04702
1.04462
1.04224
1.03986
1.03749
1.03513
1.03278
1.03044
1.0281
1.02578
1.02346
1.02115
1.01885
1.01655
1.01427
1.01199
1.00972
1.00746
1.00521
1.00296
1.00073
0.998498
0.996277
0.994063
0.991857
0.989659
0.987468
0.985285
0.983109
0.980941
0.97878
0.976627
0.974481
0.972342
0.970211
0.968087
0.96597
0.96386
0.961757
0.959662
0.957573
0.955492
0.953417
0.95135
0.949289
0.947235
0.945188
0.943148
0.941115
0.939088
0.937068
0.935055
0.933048
0.931048
0.929054
0.927067
0.925086
0.923112
0.921144
0.919183
0.917228
0.915279
0.913336
0.9114
0.90947
0.907546
0.905629
0.903717
0.901811
0.899912
0.898018
0.896131
0.89425
0.892374
0.890504
0.88864
0.886783
0.88493
0.883084
0.881243
0.879409
0.877579
0.875756
0.873938
0.872126
0.870319
0.868518
0.866722
0.864932
0.863148
0.861369
0.859595
0.857827
0.856064
0.854306
0.852554
0.850807
0.849065
0.847328
0.845597
0.843871
0.84215
0.840434
0.838724
0.837018
0.835318
0.833622
0.831932
0.830246
0.828566
0.82689
0.82522
0.823554
0.821893
0.820237
0.818586
0.81694
0.815298
0.813662
0.81203
0.810402
0.80878
0.807162
0.805549
0.80394
0.802336
0.800737
0.799142
0.797552
0.795966
0.794385
0.792808
0.791236
0.789668
0.788105
0.786546
0.784991
0.783441
0.781895
0.780353
0.778816
0.777283
0.775755
0.77423
0.77271
0.771194
0.769682
0.768175
0.766671
0.765172
0.763677
0.762186
0.760699
0.759216
0.757738
0.756263
0.754792
0.753325
0.751862
0.750404
0.748949
0.747498
0.746051
0.744608
0.743169
0.741733
0.740302
0.738874
0.73745
0.73603
0.734614
0.733201
0.731793
0.730388
0.728986
0.727589
0.726195
0.724805
0.723418
0.722035
0.720656
0.71928
0.717908
0.71654
0.715175
0.713813
0.712456
0.711101
0.709751
0.708403
0.707059
0.705719
0.704382
0.703049
0.701719
0.700392
0.699069
0.697749
0.696433
0.69512
0.69381
0.692503
0.6912
0.6899
0.688604
0.687311
0.686021
0.684734
0.683451
0.68217
0.680893
0.679619
0.678349
0.677081
0.675817
0.674556
0.673298
0.672043
0.670791
0.669542
0.668297
0.667054
0.665815
0.664578
0.663345
0.662115
0.660888
0.659663
0.658442
0.657224
0.656008
0.654796
0.653587
0.65238
0.651176
0.649976
0.648778
0.647583
0.646391
0.645202
0.644016
0.642833
0.641652
0.640474
0.6393
0.638128
0.636958
0.635792
0.634628
0.633467
0.632309
0.631154
0.630001
0.628851
0.627704
0.626559
0.625417
0.624278
0.623142
0.622008
0.620877
0.619748
0.618623
0.617499
0.616379
0.615261
0.614145
0.613033
0.611922
0.610815
0.60971
0.608607
0.607507
0.60641
0.605315
0.604223
0.603133
0.602046
0.600961
0.599878
0.598798
0.597721
0.596646
0.595573
0.594503
0.593436
0.592371
0.591308
0.590247
0.589189
0.588134
0.587081
0.58603
0.584981
0.583935
0.582891
0.58185
0.580811
0.579774
0.57874
0.577708
0.576678
0.57565
0.574625
0.573602
0.572581
0.571563
0.570547
0.569533
0.568521
0.567512
0.566505
0.5655
0.564497
0.563496
0.562498
0.561502
0.560508
0.559516
0.558526
0.557539
0.556553
0.55557
0.554589
0.55361
0.552634
0.551659
0.550686
0.549716
0.548748
0.547781
0.546817
0.545855
0.544895
0.543937
0.542981
0.542027
0.541076
0.540126
0.539178
0.538232
0.537289
0.536347
0.535407
0.53447
0.533534
0.532601
0.531669
0.530739
0.529811
0.528886
0.527962
0.52704
0.52612
0.525202
0.524286
0.523372
0.52246
0.52155
0.520641
0.519735
0.51883
0.517928
0.517027
0.516128
0.515231
0.514336
0.513442
0.512551
0.511661
0.510774
0.509888
0.509004
0.508122
0.507241
0.506363
0.505486
0.504611
0.503738
0.502866
0.501997
0.501129
0.500263
0.499399
0.498536
0.497676
0.496817
0.49596
0.495104
0.494251
0.493399
0.492548
0.4917
0.490853
0.490008
0.489165
0.488323
0.487483
0.486645
0.485809
0.484974
0.484141
0.483309
0.48248
0.481652
0.480825
0.48
0.479177
0.478356
0.477536
0.476718
0.475901
0.475086
0.474273
0.473461
0.472651
0.471843
0.471036
0.470231
0.469427
0.468625
0.467825
0.467026
0.466229
0.465433
0.464639
0.463847
0.463056
0.462266
0.461479
0.460692
0.459908
0.459124
0.458343
0.457563
0.456784
0.456007
0.455231
0.454457
0.453685
0.452914
0.452144
0.451377
0.45061
0.449845
0.449082
0.44832
0.447559
0.4468
0.446042
0.445286
0.444532
0.443779
0.443027
0.442277
0.441528
0.44078
0.440034
0.43929
0.438547
0.437805
0.437065
0.436326
0.435589
0.434853
0.434119
0.433386
0.432654
0.431924
0.431195
0.430467
0.429741
0.429016
0.428293
0.427571
0.42685
0.426131
0.425413
0.424697
0.423982
0.423268
0.422556
0.421845
0.421135
0.420427
0.41972
0.419014
0.41831
0.417607
0.416905
0.416205
0.415506
0.414808
0.414111
0.413416
0.412723
0.41203
0.411339
0.410649
0.409961
0.409273
0.408587
0.407903
0.407219
0.406537
0.405856
0.405176
0.404498
0.403821
0.403145
0.402471
0.401797
0.401125
0.400455
0.399785
0.399117
0.39845
0.397784
0.397119
0.396456
0.395794
0.395133
0.394473
0.393815
0.393158
0.392502
0.391847
0.391193
0.390541
0.38989
0.38924
0.388591
0.387943
0.387297
0.386652
0.386008
0.385365
0.384723
0.384083
0.383443
0.382805
0.382168
0.381532
0.380898
0.380264
0.379632
0.379001
0.378371
0.377742
0.377114
0.376488
0.375862
0.375238
0.374615
0.373993

