0
0.0584078
0.116496
0.174267
0.231727
0.288879
0.345726
0.402273
0.458523
0.51448
0.570147
0.625528
0.680626
0.735445
0.789987
0.844257
0.898256
0.951989
1.00546
1.05867
1.11162
1.16431
1.21676
1.26895
1.3209
1.3726
1.42406
1.47529
1.52627
1.57703
1.62755
1.67784
1.72791
1.77775
1.82737
1.87677
1.92595
1.97492
2.02367
2.07222
2.12055
2.16868
2.2166
2.26432
2.31184
2.35915
2.40628
2.4532
2.49993
2.54648
2.59283
2.63899
2.68496
2.73076
2.77636
2.82179
2.86704
2.9121
2.95699
3.00171
3.04625
3.09062
3.13482
3.17885
3.22271
3.26641
3.30994
3.3533
3.39651
3.43955
3.48244
3.52516
3.56773
3.61014
3.6524
3.69451
3.73646
3.77826
3.81992
3.86142
3.90278
3.94399
3.98506
4.02598
4.06676
4.1074
4.1479
4.18825
4.22847
4.26856
4.3085
4.34831
4.38799
4.42753
4.46694
4.50622
4.54537
4.58439
4.62328
4.66204
4.70068
4.73919
4.77757
4.81584
4.85397
4.89199
4.92988
4.96766
5.00531
5.04284
5.08026
5.11756
5.15474
5.19181
5.22876
5.26559
5.30232
5.33893
5.37543
5.41181
5.44809
5.48426
5.52032
5.55626
5.59211
5.62784
5.66347
5.69899
5.73441
5.76972
5.80493
5.84003
5.87504
5.90994
5.94474
5.97944
6.01404
6.04854
6.08294
6.11725
6.15145
6.18556
6.21957
6.25349
6.28731
6.32104
6.35467
6.38821
6.42166
6.45501
6.48827
6.52144
6.55452
6.58751
6.62041
6.65322
6.68594
6.71857
6.75112
6.78358
6.81595
6.84823
6.88043
6.91254
6.94457
6.97651
7.00837
7.04014
7.07184
7.10345
7.13497
7.16642
7.19778
7.22906
7.26027
7.29139
7.32243
7.35339
7.38428
7.41508
7.44581
7.47646
7.50703
7.53752
7.56794
7.59829
7.62855
7.65874
7.68886
7.7189
7.74887
7.77876
7.80858
7.83833
7.868
7.8976
7.92713
7.95659
7.98598
8.01529
8.04454
8.07371
8.10281
8.13185
8.16081
8.18971
8.21854
8.24729
8.27598
8.30461
8.33316
8.36165
8.39007
8.41842
8.44671
8.47493
8.50309
8.53118
8.5592
8.58716
8.61506
8.64289
8.67066
8.69836
8.726
8.75358
8.78109
8.80855
8.83594
8.86326
8.89053
8.91773
8.94488
8.97196
8.99898
9.02594
9.05284
9.07968
9.10646
9.13318
9.15984
9.18644
9.21299
9.23947
9.2659
9.29227
9.31858
9.34483
9.37103
9.39716
9.42324
9.44927
9.47524
9.50115
9.52701
9.55281
9.57855
9.60424
9.62987
9.65545
9.68098
9.70644
9.73186
9.75722
9.78253
9.80778
9.83298
9.85813
9.88322
9.90826
9.93325
9.95818
9.98306
10.0079
10.0327
10.0574
10.0821
10.1067
10.1313
10.1558
10.1803
10.2047
10.229
10.2534
10.2776
10.3019
10.326
10.3501
10.3742
10.3982
10.4222
10.4461
10.47
10.4938
10.5176
10.5413
10.565
10.5886
10.6122
10.6358
10.6592
10.6827
10.7061
10.7294
10.7527
10.776
10.7992
10.8223
10.8455
10.8685
10.8916
10.9145
10.9375
10.9603
10.9832
11.006
11.0287
11.0514
11.0741
11.0967
11.1193
11.1418
11.1643
11.1867
11.2091
11.2315
11.2538
11.276
11.2983
11.3204
11.3426
11.3647
11.3867
11.4087
11.4307
11.4526
11.4745
11.4963
11.5181
11.5398
11.5616
11.5832
11.6048
11.6264
11.648
11.6695
11.6909
11.7123
11.7337
11.7551
11.7764
11.7976
11.8188
11.84
11.8611
11.8822
11.9033
11.9243
11.9453
11.9662
11.9871
12.008
12.0288
12.0496
12.0703
12.091
12.1117
12.1323
12.1529
12.1734
12.1939
12.2144
12.2348
12.2552
12.2756
12.2959
12.3161
12.3364
12.3566
12.3768
12.3969
12.417
12.437
12.457
12.477
12.497
12.5169
12.5367
12.5566
12.5764
12.5961
12.6158
12.6355
12.6552
12.6748
12.6944
12.7139
12.7334
12.7529
12.7723
12.7917
12.8111
12.8304
12.8497
12.8689
12.8882
12.9073
12.9265
12.9456
12.9647
12.9837
13.0028
13.0217
13.0407
13.0596
13.0785
13.0973
13.1161
13.1349
13.1536
13.1723
13.191
13.2096
13.2283
13.2468
13.2654
13.2839
13.3023
13.3208
13.3392
13.3575
13.3759
13.3942
13.4125
13.4307
13.4489
13.4671
13.4852
13.5033
13.5214
13.5395
13.5575
13.5755
13.5934
13.6113
13.6292
13.6471
13.6649
13.6827
13.7004
13.7182
13.7359
13.7535
13.7712
13.7888
13.8063
13.8239
13.8414
13.8589
13.8763
13.8937
13.9111
13.9285
13.9458
13.9631
13.9804
13.9976
14.0148
14.032
14.0491
14.0662
14.0833
14.1003
14.1174
14.1344
14.1513
14.1683
14.1852
14.202
14.2189
14.2357
14.2525
14.2692
14.286
14.3027
14.3193
14.336
14.3526
14.3692
14.3857
14.4022
14.4187
14.4352
14.4516
14.468
14.4844
14.5008
14.5171
14.5334
14.5497
14.5659
14.5821
14.5983
14.6145
14.6306
14.6467
14.6627
14.6788
14.6948
14.7108
14.7268
14.7427
14.7586
14.7745
14.7903
14.8061
14.8219
14.8377
14.8534
14.8692
14.8848
14.9005
14.9161
14.9317
14.9473
14.9629
14.9784
14.9939
15.0094
15.0248
15.0402
15.0556
15.071
15.0863
15.1017
15.1169
15.1322
15.1474
15.1627
15.1778
15.193
15.2081
15.2232
15.2383
15.2534
15.2684
15.2834
15.2984
15.3133
15.3283
15.3432
15.358
15.3729
15.3877
15.4025
15.4173
15.432
15.4468
15.4615
15.4761
15.4908
15.5054
15.52
15.5346
15.5491
15.5637
15.5782
15.5926
15.6071
15.6215
15.6359
15.6503
15.6647
15.679
15.6933
15.7076
15.7218
15.7361
15.7503
15.7645
15.7786
15.7927
15.8069
15.821
15.835
15.8491
15.8631
15.8771
15.891
15.905
15.9189
15.9328
15.9467
15.9605
15.9744
15.9882
16.002
16.0157
16.0295
16.0432
16.0569
16.0705
16.0842
16.0978
16.1114
16.125
16.1385
16.1521
16.1656
16.1791
16.1925
16.206
16.2194
16.2328
16.2461
16.2595
16.2728
16.2861
16.2994
16.3127
16.3259
16.3391
16.3523
16.3655
16.3786
16.3918
16.4049
16.418
16.431
16.4441
16.4571
16.4701
16.4831
16.496
16.509
16.5219
16.5348
16.5476
16.5605
16.5733
16.5861
16.5989
16.6116
16.6244
16.6371
16.6498
16.6625
16.6751
16.6878
16.7004
16.713
16.7255
16.7381
16.7506
16.7631
16.7756
16.7881
16.8005
16.8129
16.8253
16.8377
16.8501
16.8624
16.8748
16.8871
16.8993
16.9116
16.9238
16.9361
16.9483
16.9604
16.9726
16.9847
16.9969
17.009
17.021
17.0331
17.0451
17.0572
17.0692
17.0811
17.0931
17.105
17.117
17.1289
17.1407
17.1526
17.1644
17.1763
17.1881
17.1998
17.2116
17.2234
17.2351
17.2468
17.2585
17.2701
17.2818
17.2934
17.305
17.3166
17.3282
17.3397
17.3513
17.3628
17.3743
17.3857
17.3972
17.4086
17.4201
17.4315
17.4428
17.4542
17.4655
17.4769
17.4882
17.4995
17.5107
17.522
17.5332
17.5444
17.5556
17.5668
17.5779
17.5891
17.6002
17.6113
17.6224
17.6335
17.6445
17.6555
17.6666
17.6775
17.6885
17.6995
17.7104
17.7213
17.7322
17.7431
17.754
17.7648
17.7757
17.7865
17.7973
17.8081
17.8188
17.8296
17.8403
17.851
17.8617
17.8724
17.883
17.8937
17.9043
17.9149
17.9255
17.936
17.9466
17.9571
17.9676
17.9781
17.9886
17.9991
18.0095
18.02
18.0304
18.0408
18.0512
18.0615
18.0719
18.0822
18.0925
18.1028
18.1131
18.1233
18.1336
18.1438
18.154
18.1642
18.1744
18.1846
18.1947
18.2048
18.2149
18.225
18.2351
18.2452
18.2552
18.2652
18.2753
18.2853
18.2952
18.3052
18.3151
18.3251
18.335
18.3449
18.3548
18.3646
18.3745
18.3843
18.3941
18.4039
18.4137
18.4235
18.4332
18.443
18.4527
18.4624
18.4721
18.4818
18.4914
18.5011
18.5107
18.5203
18.5299
18.5395
18.5491
18.5586
18.5681
18.5777
18.5872
18.5966
18.6061
18.6156
18.625
18.6344
18.6438
18.6532
18.6626
18.672
18.6813
18.6907
18.7
18.7093
18.7186
18.7278
18.7371
18.7463
18.7556
18.7648
18.774
18.7832
18.7923
18.8015
18.8106
18.8197
18.8289
18.8379
18.847
18.8561
18.8651
18.8742
18.8832
18.8922
18.9012
18.9102
18.9191
18.9281
18.937
18.9459
18.9548
18.9637
18.9726
18.9814
18.9903
18.9991
19.0079
19.0167
19.0255
19.0343
19.0431
19.0518
19.0605
19.0692
19.078
19.0866
19.0953
19.104
19.1126
19.1213
19.1299
19.1385
19.1471
19.1556
19.1642
19.1728
19.1813
19.1898
19.1983
19.2068
19.2153
19.2238
19.2322
19.2406
19.2491
19.2575
19.2659
19.2743
19.2826
19.291
19.2993
19.3077
19.316
19.3243
19.3326
19.3408
19.3491
19.3573
19.3656
19.3738
19.382
19.3902
19.3984
19.4066
19.4147
19.4229
19.431
19.4391
19.4472
19.4553
19.4634
19.4714
19.4795
19.4875
19.4955
19.5036
19.5116
19.5195
19.5275
19.5355
19.5434
19.5513
19.5593
19.5672
19.5751
19.583
19.5908
19.5987
19.6065
19.6144
19.6222
19.63
19.6378
19.6456
19.6533
19.6611
19.6688
19.6766
19.6843
19.692
19.6997
19.7074
19.715
19.7227
19.7303
19.738
19.7456
19.7532
19.7608
19.7684
19.7759
19.7835
19.791
19.7986
19.8061
19.8136
19.8211
19.8286
19.836
19.8435
19.851
19.8584
19.8658
19.8732
19.8806
19.888
19.8954
19.9028
19.9101
19.9175
19.9248
19.9321
19.9394
19.9467
19.954
19.9612
19.9685
19.9758
19.983
19.9902
19.9974
20.0046
20.0118
20.019
20.0261
20.0333
20.0404
20.0476
20.0547
20.0618
20.0689
20.0176
19.9666
19.9158
19.8654
19.8153
19.7655
19.716
19.6667
19.6178
19.5691
19.5207
19.4725
19.4247
19.3771
19.3297
19.2826
19.2358
19.1892
19.1429
19.0968
19.051
19.0054
18.96
18.9149
18.87
18.8254
18.7809
18.7367
18.6927
18.649
18.6054
18.5621
18.519
18.4761
18.4334
18.3909
18.3486
18.3065
18.2647
18.223
18.1815
18.1402
18.0991
18.0582
18.0175
17.9769
17.9366
17.8964
17.8564
17.8166
17.777
17.7376
17.6983
17.6592
17.6202
17.5815
17.5429
17.5045
17.4662
17.4281
17.3902
17.3524
17.3148
17.2773
17.24
17.2028
17.1658
17.129
17.0923
17.0558
17.0194
16.9831
16.947
16.911
16.8752
16.8395
16.804
16.7686
16.7333
16.6982
16.6632
16.6284
16.5937
16.5591
16.5246
16.4903
16.4561
16.4221
16.3881
16.3543
16.3206
16.2871
16.2536
16.2203
16.1871
16.1541
16.1211
16.0883
16.0556
16.023
15.9905
15.9581
15.9259
15.8937
15.8617
15.8298
15.798
15.7663
15.7347
15.7032
15.6719
15.6406
15.6095
15.5784
15.5475
15.5166
15.4859
15.4553
15.4247
15.3943
15.364
15.3338
15.3036
15.2736
15.2437
15.2138
15.1841
15.1544
15.1249
15.0954
15.0661
15.0368
15.0076
14.9785
14.9496
14.9207
14.8918
14.8631
14.8345
14.8059
14.7775
14.7491
14.7208
14.6926
14.6645
14.6365
14.6086
14.5807
14.5529
14.5252
14.4976
14.4701
14.4427
14.4153
14.388
14.3608
14.3337
14.3067
14.2797
14.2528
14.226
14.1993
14.1726
14.146
14.1195
14.0931
14.0667
14.0405
14.0143
13.9881
13.9621
13.9361
13.9102
13.8843
13.8586
13.8329
13.8072
13.7817
13.7562
13.7308
13.7054
13.6801
13.6549
13.6298
13.6047
13.5797
13.5548
13.5299
13.5051
13.4803
13.4556
13.431
13.4065
13.382
13.3576
13.3332
13.3089
13.2847
13.2605
13.2364
13.2124
13.1884
13.1645
13.1406
13.1169
13.0931
13.0694
13.0458
13.0223
12.9988
12.9753
12.952
12.9286
12.9054
12.8822
12.859
12.8359
12.8129
12.7899
12.767
12.7442
12.7214
12.6986
12.6759
12.6533
12.6307
12.6082
12.5857
12.5633
12.5409
12.5186
12.4963
12.4741
12.452
12.4299
12.4078
12.3858
12.3639
12.342
12.3202
12.2984
12.2766
12.2549
12.2333
12.2117
12.1902
12.1687
12.1473
12.1259
12.1045
12.0832
12.062
12.0408
12.0197
11.9986
11.9775
11.9565
11.9356
11.9147
11.8938
11.873
11.8523
11.8315
11.8109
11.7902
11.7697
11.7491
11.7287
11.7082
11.6878
11.6675
11.6472
11.6269
11.6067
11.5865
11.5664
11.5463
11.5263
11.5063
11.4864
11.4664
11.4466
11.4268
11.407
11.3873
11.3676
11.3479
11.3283
11.3087
11.2892
11.2697
11.2503
11.2309
11.2115
11.1922
11.173
11.1537
11.1345
11.1154
11.0963
11.0772
11.0582
11.0392
11.0202
11.0013
10.9825
10.9636
10.9448
10.9261
10.9074
10.8887
10.87
10.8515
10.8329
10.8144
10.7959
10.7774
10.759
10.7407
10.7223
10.704
10.6858
10.6676
10.6494
10.6312
10.6131
10.5951
10.577
10.559
10.5411
10.5231
10.5053
10.4874
10.4696
10.4518
10.4341
10.4164
10.3987
10.381
10.3634
10.3459
10.3283
10.3108
10.2934
10.276
10.2586
10.2412
10.2239
10.2066
10.1893
10.1721
10.1549
10.1378
10.1206
10.1036
10.0865
10.0695
10.0525
10.0355
10.0186
10.0017
9.98489
9.96807
9.95128
9.93452
9.9178
9.90111
9.88445
9.86783
9.85123
9.83467
9.81814
9.80164
9.78518
9.76874
9.75234
9.73597
9.71963
9.70332
9.68705
9.6708
9.65459
9.6384
9.62225
9.60613
9.59004
9.57398
9.55795
9.54195
9.52598
9.51004
9.49413
9.47825
9.46241
9.44659
9.4308
9.41504
9.39931
9.38361
9.36794
9.3523
9.33669
9.32111
9.30556
9.29004
9.27454
9.25908
9.24364
9.22823
9.21285
9.1975
9.18218
9.16689
9.15163
9.13639
9.12118
9.106
9.09085
9.07573
9.06064
9.04557
9.03053
9.01552
9.00054
8.98558
8.97065
8.95575
8.94088
8.92603
8.91121
8.89642
8.88166
8.86692
8.85221
8.83753
8.82287
8.80824
8.79364
8.77906
8.76452
8.74999
8.7355
8.72103
8.70658
8.69217
8.67778
8.66341
8.64907
8.63476
8.62047
8.60621
8.59198
8.57777
8.56359
8.54943
8.5353
8.52119
8.50711
8.49305
8.47902
8.46502
8.45104
8.43709
8.42316
8.40925
8.39537
8.38152
8.36769
8.35388
8.3401
8.32635
8.31262
8.29891
8.28523
8.27157
8.25794
8.24433
8.23075
8.21719
8.20366
8.19014
8.17666
8.16319
8.14975
8.13634
8.12295
8.10958
8.09624
8.08292
8.06962
8.05635
8.0431
8.02987
8.01667
8.00349
7.99033
7.9772
7.96409
7.951
7.93794
7.9249
7.91188
7.89889
7.88592
7.87297
7.86004
7.84714
7.83426
7.8214
7.80857
7.79576
7.78297
7.7702
7.75746
7.74473
7.73203
7.71935
7.7067
7.69406
7.68145
7.66886
7.6563
7.64375
7.63123
7.61872
7.60624
7.59379
7.58135
7.56893
7.55654
7.54417
7.53182
7.51949
7.50718
7.4949
7.48263
7.47039
7.45817
7.44597
7.43379
7.42163
7.40949
7.39738
7.38528
7.37321
7.36116
7.34912
7.33711
7.32512
7.31315
7.3012
7.28927
7.27736
7.26548
7.25361
7.24176
7.22994
7.21813
7.20635
7.19458
7.18284
7.17111
7.15941
7.14772
7.13606
7.12441
7.11279
7.10119
7.0896
7.07804
7.06649
7.05497
7.04346
7.03198
7.02051
7.00907
6.99764
6.98623
6.97485
6.96348
6.95213
6.9408
6.92949
6.9182
6.90693
6.89568
6.88445
6.87324
6.86204
6.85087
6.83971
6.82857
6.81746
6.80636
6.79528
6.78422
6.77317
6.76215
6.75115
6.74016
6.72919
6.71824
6.70731
6.6964
6.68551
6.67464
6.66378
6.65294
6.64212
6.63132
6.62054
6.60978
6.59903
6.5883
6.57759
6.5669
6.55623
6.54557
6.53494
6.52432
6.51371
6.50313
6.49257
6.48202
6.47149
6.46098
6.45048
6.44001
6.42955
6.41911
6.40868
6.39828
6.38789
6.37752
6.36717
6.35683
6.34651
6.33621
6.32593
6.31566
6.30541
6.29518
6.28496
6.27477
6.26459
6.25442
6.24428
6.23415
6.22404
6.21394
6.20386
6.1938
6.18376
6.17373
6.16372
6.15373
6.14375
6.13379
6.12385
6.11392
6.10401
6.09411
6.08424
6.07438
6.06453
6.05471
6.04489
6.0351
6.02532
6.01556
6.00581
5.99609
5.98637
5.97668
5.96699
5.95733
5.94768
5.93805
5.92843
5.91883
5.90925
5.89968
5.89013
5.88059
5.87107
5.86157
5.85208
5.84261
5.83315
5.82371
5.81429
5.80488
5.79548
5.7861
5.77674
5.76739
5.75806
5.74875
5.73945
5.73016
5.72089
5.71164
5.7024
5.69318
5.68397
5.67477
5.6656
5.65644
5.64729
5.63816
5.62904
5.61994
5.61085
5.60178
5.59272
5.58368
5.57466
5.56565
5.55665
5.54767
5.5387
5.52975
5.52081
5.51189
5.50298
5.49409
5.48521
5.47635
5.4675
5.45867
5.44985
5.44104
5.43225
5.42348
5.41472
5.40597
5.39724
5.38852
5.37982
5.37113
5.36246
5.3538
5.34515
5.33652
5.3279
5.3193
5.31071
5.30214
5.29358
5.28503
5.2765
5.26798
5.25948
5.25099
5.24251
5.23405
5.2256
5.21717
5.20875
5.20034
5.19195
5.18357
5.1752
5.16685
5.15852
5.15019
5.14188
5.13359
5.1253
5.11704
5.10878
5.10054
5.09231
5.0841
5.0759
5.06771
5.05953
5.05137
5.04323
5.03509
5.02697
5.01887
5.01077
5.00269
4.99462
4.98657
4.97853
4.9705
4.96249
4.95449
4.9465
4.93852
4.93056
4.92261
4.91468
4.90676
4.89885
4.89095
4.88307
4.8752
4.86734
4.85949
4.85166
4.84384
4.83604
4.82824
4.82046
4.81269
4.80494
4.7972
4.78947
4.78175
4.77404
4.76635
4.75867
4.75101
4.74335
4.73571
4.72808
4.72046
4.71286
4.70527
4.69769
4.69012
4.68257
4.67502
4.6675
4.65998
4.65247
4.64498
4.6375
4.63003
4.62257
4.61513
4.6077
4.60028
4.59287
4.58548
4.57809
4.57072
4.56336
4.55601
4.54868
4.54136
4.53404
4.52675
4.51946
4.51218
4.50492
4.49767
4.49043
4.4832
4.47598
4.46878
4.46158
4.4544
4.44723
4.44008
4.43293
4.4258
4.41867
4.41156
4.40446
4.39738
4.3903
4.38323
4.37618
4.36914
4.36211
4.35509
4.34808
4.34109
4.3341
4.32713
4.32017
4.31322
4.30628
4.29935
4.29243
4.28553
4.27863
4.27175
4.26488
4.25802
4.25117
4.24433
4.2375
4.23069
4.22388
4.21709
4.21031
4.20354
4.19678
4.19003
4.18329
4.17656
4.16984
4.16314
4.15644
4.14976
4.14308
4.13642
4.12977
4.12313
4.1165
4.10988
4.10327
4.09668
4.09009
4.08351
4.07695
4.07039
4.06385
4.05732
4.05079
4.04428
4.03778
4.03129
4.02481
4.01834
4.01188
4.00543
3.99899
3.99256
3.98614
3.97974
3.97334
3.96695
3.96058
3.95421
3.94786
3.94151
3.93518
3.92885
3.92254
3.91623
3.90994
3.90366
3.89738
3.89112
3.88487
3.87862
3.87239
3.86617
3.85996
3.85375
3.84756
3.84138
3.83521
3.82904
3.82289
3.81675
3.81062
3.80449
3.79838
3.79228
3.78619
3.7801
3.77403
3.76797
3.76191
3.75587
3.74984
3.74381
3.7378
3.73179
3.7258
3.71981
3.71384
3.70787
3.70192
3.69597
3.69003
3.68411
3.67819
3.67228
3.66638
3.66049
3.65461
3.64874
3.64288
3.63703
3.63119
3.62536
3.61954
3.61372
3.60792
3.60213
3.59634
3.59057
3.5848
3.57904
3.5733
3.56756
3.56183
3.55611
3.5504
3.5447
3.53901

