0
0.0395975
0.0791082
0.118533
0.157871
0.197125
0.236293
0.275378
0.314378
0.353294
0.392128
0.430879
0.469548
0.508135
0.546641
0.585066
0.623411
0.661675
0.69986
0.737966
0.775993
0.813941
0.851812
0.889604
0.92732
0.964959
1.00252
1.04001
1.07742
1.11475
1.15201
1.1892
1.22631
1.26335
1.30031
1.3372
1.37402
1.41077
1.44744
1.48404
1.52058
1.55703
1.59342
1.62974
1.66599
1.70217
1.73828
1.77432
1.81029
1.84619
1.88203
1.9178
1.95349
1.98913
2.02469
2.06019
2.09562
2.13099
2.16629
2.20153
2.2367
2.2718
2.30684
2.34182
2.37673
2.41158
2.44636
2.48109
2.51575
2.55034
2.58488
2.61935
2.65376
2.68811
2.72239
2.75662
2.79079
2.82489
2.85894
2.89292
2.92684
2.96071
2.99452
3.02826
3.06195
3.09558
3.12915
3.16266
3.19612
3.22952
3.26286
3.29614
3.32937
3.36253
3.39565
3.4287
3.4617
3.49465
3.52754
3.56037
3.59315
3.62587
3.65854
3.69115
3.72371
3.75622
3.78867
3.82107
3.85341
3.8857
3.91794
3.95013
3.98226
4.01434
4.04636
4.07834
4.11026
4.14213
4.17395
4.20572
4.23744
4.2691
4.30072
4.33228
4.36379
4.39526
4.42667
4.45803
4.48935
4.52061
4.55183
4.58299
4.61411
4.64517
4.67619
4.70716
4.73808
4.76895
4.79978
4.83055
4.86128
4.89196
4.92259
4.95318
4.98372
5.01421
5.04466
5.07505
5.1054
5.13571
5.16597
5.19618
5.22635
5.25647
5.28654
5.31657
5.34655
5.37649
5.40638
5.43623
5.46603
5.49579
5.5255
5.55517
5.5848
5.61438
5.64391
5.6734
5.70285
5.73226
5.76162
5.79093
5.82021
5.84944
5.87862
5.90777
5.93687
5.96593
5.99494
6.02391
6.05284
6.08173
6.11058
6.13938
6.16814
6.19686
6.22554
6.25417
6.28277
6.31132
6.33983
6.3683
6.39673
6.42512
6.45347
6.48177
6.51004
6.53826
6.56645
6.59459
6.62269
6.65076
6.67878
6.70676
6.7347
6.7626
6.79047
6.81829
6.84607
6.87382
6.90152
6.92918
6.95681
6.9844
7.01194
7.03945
7.06692
7.09435
7.12174
7.14909
7.17641
7.20368
7.23092
7.25812
7.28528
7.3124
7.33948
7.36653
7.39353
7.4205
7.44743
7.47433
7.50118
7.528
7.55478
7.58153
7.60823
7.6349
7.66153
7.68813
7.71468
7.7412
7.76768
7.79413
7.82054
7.84691
7.87324
7.89954
7.9258
7.95203
7.97822
8.00437
8.03049
8.05657
8.08261
8.10862
8.13459
8.16052
8.18642
8.21228
8.23811
8.2639
8.28965
8.31537
8.34106
8.36671
8.39232
8.41789
8.44344
8.46894
8.49441
8.51985
8.54525
8.57061
8.59594
8.62124
8.6465
8.67172
8.69691
8.72207
8.74719
8.77227
8.79732
8.82234
8.84732
8.87227
8.89718
8.92206
8.9469
8.97171
8.99648
9.02122
9.04593
9.0706
9.09524
9.11984
9.14441
9.16895
9.19345
9.21791
9.24235
9.26675
9.29111
9.31545
9.33974
9.36401
9.38824
9.41244
9.4366
9.46073
9.48483
9.50889
9.53292
9.55692
9.58088
9.60481
9.62871
9.65257
9.67641
9.7002
9.72397
9.7477
9.7714
9.79506
9.8187
9.8423
9.86587
9.8894
9.9129
9.93637
9.95981
9.98321
10.0066
10.0299
10.0532
10.0765
10.0997
10.123
10.1461
10.1693
10.1924
10.2155
10.2385
10.2615
10.2845
10.3075
10.3304
10.3533
10.3761
10.3989
10.4217
10.4445
10.4672
10.4899
10.5126
10.5352
10.5578
10.5804
10.6029
10.6254
10.6479
10.6703
10.6928
10.7151
10.7375
10.7598
10.7821
10.8043
10.8266
10.8488
10.8709
10.893
10.9151
10.9372
10.9592
10.9812
11.0032
11.0252
11.0471
11.069
11.0908
11.1126
11.1344
11.1562
11.1779
11.1996
11.2213
11.2429
11.2645
11.2861
11.3076
11.3291
11.3506
11.3721
11.3935
11.4149
11.4362
11.4576
11.4789
11.5001
11.5214
11.5426
11.5638
11.5849
11.606
11.6271
11.6482
11.6692
11.6902
11.7112
11.7321
11.753
11.7739
11.7947
11.8156
11.8363
11.8571
11.8778
11.8985
11.9192
11.9398
11.9605
11.981
12.0016
12.0221
12.0426
12.0631
12.0835
12.1039
12.1243
12.1446
12.165
12.1852
12.2055
12.2257
12.2459
12.2661
12.2862
12.3064
12.3264
12.3465
12.3665
12.3865
12.4065
12.4264
12.4463
12.4662
12.4861
12.5059
12.5257
12.5455
12.5652
12.5849
12.6046
12.6242
12.6439
12.6635
12.683
12.7026
12.7221
12.7416
12.761
12.7804
12.7998
12.8192
12.8386
12.8579
12.8772
12.8964
12.9156
12.9348
12.954
12.9732
12.9923
13.0114
13.0304
13.0495
13.0685
13.0874
13.1064
13.1253
13.1442
13.1631
13.1819
13.2007
13.2195
13.2383
13.257
13.2757
13.2944
13.313
13.3316
13.3502
13.3688
13.3873
13.4058
13.4243
13.4428
13.4612
13.4796
13.498
13.5163
13.5346
13.5529
13.5712
13.5894
13.6077
13.6258
13.644
13.6621
13.6802
13.6983
13.7164
13.7344
13.7524
13.7704
13.7883
13.8062
13.8241
13.842
13.8598
13.8776
13.8954
13.9132
13.9309
13.9486
13.9663
13.9839
14.0016
14.0192
14.0367
14.0543
14.0718
14.0893
14.1068
14.1242
14.1416
14.159
14.1764
14.1937
14.2111
14.2284
14.2456
14.2629
14.2801
14.2972
14.3144
14.3315
14.3487
14.3657
14.3828
14.3998
14.4168
14.4338
14.4508
14.4677
14.4846
14.5015
14.5183
14.5352
14.552
14.5688
14.5855
14.6022
14.6189
14.6356
14.6523
14.6689
14.6855
14.7021
14.7186
14.7352
14.7517
14.7681
14.7846
14.801
14.8174
14.8338
14.8502
14.8665
14.8828
14.8991
14.9153
14.9316
14.9478
14.964
14.9801
14.9963
15.0124
15.0285
15.0445
15.0606
15.0766
15.0926
15.1085
15.1245
15.1404
15.1563
15.1721
15.188
15.2038
15.2196
15.2354
15.2511
15.2668
15.2825
15.2982
15.3139
15.3295
15.3451
15.3607
15.3762
15.3918
15.4073
15.4228
15.4382
15.4537
15.4691
15.4845
15.4999
15.5152
15.5305
15.5458
15.5611
15.5763
15.5916
15.6068
15.622
15.6371
15.6523
15.6674
15.6825
15.6975
15.7126
15.7276
15.7426
15.7576
15.7725
15.7875
15.8024
15.8172
15.8321
15.8469
15.8618
15.8766
15.8913
15.9061
15.9208
15.9355
15.9502
15.9648
15.9795
15.9941
16.0087
16.0233
16.0378
16.0523
16.0668
16.0813
16.0958
16.1102
16.1246
16.139
16.1534
16.1677
16.182
16.1963
16.2106
16.2249
16.2391
16.2533
16.2675
16.2817
16.2958
16.31
16.3241
16.3382
16.3522
16.3663
16.3803
16.3943
16.4083
16.4222
16.4361
16.4501
16.4639
16.4778
16.4917
16.5055
16.5193
16.5331
16.5468
16.5606
16.5743
16.588
16.6017
16.6153
16.629
16.6426
16.6562
16.6697
16.6833
16.6968
16.7103
16.7238
16.7373
16.7507
16.7642
16.7776
16.7909
16.8043
16.8176
16.831
16.8443
16.8576
16.8708
16.8841
16.8973
16.9105
16.9236
16.9368
16.9499
16.9631
16.9762
16.9892
17.0023
17.0153
17.0283
17.0413
17.0543
17.0673
17.0802
17.0931
17.106
17.1189
17.1317
17.1446
17.1574
17.1702
17.183
17.1957
17.2085
17.2212
17.2339
17.2465
17.2592
17.2718
17.2844
17.297
17.3096
17.3222
17.3347
17.3472
17.3597
17.3722
17.3847
17.3971
17.4095
17.4219
17.4343
17.4467
17.459
17.4714
17.4837
17.496
17.5082
17.5205
17.5327
17.5449
17.5571
17.5693
17.5814
17.5936
17.6057
17.6178
17.6299
17.6419
17.654
17.666
17.678
17.69
17.7019
17.7139
17.7258
17.7377
17.7496
17.7615
17.7733
17.7852
17.797
17.8088
17.8206
17.8323
17.8441
17.8558
17.8675
17.8792
17.8908
17.9025
17.9141
17.9257
17.9373
17.9489
17.9605
17.972
17.9835
17.995
18.0065
18.018
18.0295
18.0409
18.0523
18.0637
18.0751
18.0864
18.0978
18.1091
18.1204
18.1317
18.143
18.1542
18.1655
18.1767
18.1879
18.1991
18.2103
18.2214
18.2325
18.2437
18.2548
18.2658
18.2769
18.288
18.299
18.31
18.321
18.332
18.3429
18.3539
18.3648
18.3757
18.3866
18.3975
18.4083
18.4192
18.43
18.4408
18.4516
18.4623
18.4731
18.4838
18.4946
18.5053
18.5159
18.5266
18.5373
18.5479
18.5585
18.5691
18.5797
18.5903
18.6008
18.6114
18.6219
18.6324
18.6429
18.6534
18.6638
18.6742
18.6847
18.6951
18.7055
18.7158
18.7262
18.7365
18.7469
18.7572
18.7674
18.7777
18.788
18.7982
18.8084
18.8187
18.8289
18.839
18.8492
18.8593
18.8695
18.8796
18.8897
18.8998
18.9098
18.9199
18.9299
18.9399
18.9499
18.9599
18.9699
18.9798
18.9898
18.9997
19.0096
19.0195
19.0294
19.0392
19.0491
19.0589
19.0687
19.0785
19.0883
19.0981
19.1078
19.1176
19.1273
19.137
19.1467
19.1564
19.166
19.1757
19.1853
19.1949
19.2045
19.2141
19.2237
19.2332
19.2428
19.2523
19.2618
19.2713
19.2808
19.2902
19.2997
19.3091
19.3185
19.3279
19.3373
19.3467
19.3561
19.3654
19.3747
19.3841
19.3934
19.4026
19.4119
19.4212
19.4304
19.4396
19.4488
19.458
19.4672
19.4764
19.4856
19.4947
19.5038
19.5129
19.522
19.5311
19.5402
19.5492
19.5583
19.5673
19.5763
19.5853
19.5943
19.6032
19.6122
19.6211
19.6301
19.639
19.6479
19.6568
19.6656
19.6745
19.6833
19.6921
19.701
19.7098
19.7185
19.7273
19.7361
19.7448
19.7535
19.7623
19.771
19.7797
19.7883
19.797
19.8056
19.8143
19.8229
19.8315
19.8401
19.8487
19.8572
19.8658
19.8743
19.8828
19.8913
19.8998
19.9083
19.9168
19.9253
19.8941
19.863
19.832
19.8011
19.7702
19.7394
19.7087
19.678
19.6475
19.617
19.5865
19.5561
19.5258
19.4956
19.4654
19.4353
19.4053
19.3753
19.3454
19.3156
19.2858
19.2561
19.2265
19.1969
19.1674
19.138
19.1086
19.0792
19.05
19.0208
18.9917
18.9626
18.9336
18.9046
18.8757
18.8469
18.8181
18.7894
18.7607
18.7322
18.7036
18.6751
18.6467
18.6184
18.59
18.5618
18.5336
18.5055
18.4774
18.4494
18.4214
18.3935
18.3656
18.3378
18.3101
18.2824
18.2547
18.2271
18.1996
18.1721
18.1447
18.1173
18.09
18.0627
18.0355
18.0083
17.9812
17.9541
17.9271
17.9001
17.8732
17.8464
17.8195
17.7928
17.7661
17.7394
17.7128
17.6862
17.6597
17.6332
17.6067
17.5804
17.554
17.5277
17.5015
17.4753
17.4492
17.4231
17.397
17.371
17.345
17.3191
17.2932
17.2674
17.2416
17.2159
17.1902
17.1645
17.1389
17.1133
17.0878
17.0623
17.0369
17.0115
16.9862
16.9609
16.9356
16.9104
16.8852
16.86
16.835
16.8099
16.7849
16.7599
16.735
16.7101
16.6852
16.6604
16.6357
16.6109
16.5862
16.5616
16.537
16.5124
16.4879
16.4634
16.4389
16.4145
16.3901
16.3658
16.3415
16.3172
16.293
16.2688
16.2447
16.2206
16.1965
16.1725
16.1485
16.1245
16.1006
16.0767
16.0528
16.029
16.0052
15.9815
15.9578
15.9341
15.9105
15.8869
15.8633
15.8398
15.8163
15.7929
15.7694
15.7461
15.7227
15.6994
15.6761
15.6529
15.6296
15.6065
15.5833
15.5602
15.5371
15.5141
15.4911
15.4681
15.4452
15.4222
15.3994
15.3765
15.3537
15.3309
15.3082
15.2855
15.2628
15.2402
15.2175
15.195
15.1724
15.1499
15.1274
15.105
15.0825
15.0602
15.0378
15.0155
14.9932
14.9709
14.9487
14.9265
14.9043
14.8822
14.8601
14.838
14.8159
14.7939
14.7719
14.75
14.7281
14.7062
14.6843
14.6625
14.6407
14.6189
14.5972
14.5755
14.5538
14.5321
14.5105
14.4889
14.4673
14.4458
14.4243
14.4028
14.3814
14.36
14.3386
14.3172
14.2959
14.2746
14.2533
14.2321
14.2109
14.1897
14.1685
14.1474
14.1263
14.1052
14.0842
14.0632
14.0422
14.0213
14.0003
13.9794
13.9586
13.9377
13.9169
13.8961
13.8753
13.8546
13.8339
13.8132
13.7926
13.772
13.7514
13.7308
13.7103
13.6898
13.6693
13.6488
13.6284
13.608
13.5876
13.5673
13.5469
13.5267
13.5064
13.4861
13.4659
13.4457
13.4256
13.4055
13.3854
13.3653
13.3452
13.3252
13.3052
13.2852
13.2653
13.2454
13.2255
13.2056
13.1858
13.166
13.1462
13.1264
13.1067
13.087
13.0673
13.0476
13.028
13.0084
12.9888
12.9693
12.9497
12.9302
12.9108
12.8913
12.8719
12.8525
12.8331
12.8138
12.7945
12.7752
12.7559
12.7367
12.7174
12.6982
12.6791
12.6599
12.6408
12.6217
12.6027
12.5836
12.5646
12.5456
12.5267
12.5077
12.4888
12.4699
12.4511
12.4322
12.4134
12.3946
12.3759
12.3571
12.3384
12.3197
12.3011
12.2824
12.2638
12.2452
12.2266
12.2081
12.1896
12.1711
12.1526
12.1342
12.1158
12.0974
12.079
12.0607
12.0424
12.0241
12.0058
11.9876
11.9693
11.9511
11.933
11.9148
11.8967
11.8786
11.8605
11.8425
11.8245
11.8065
11.7885
11.7705
11.7526
11.7347
11.7168
11.699
11.6811
11.6633
11.6455
11.6278
11.61
11.5923
11.5746
11.557
11.5393
11.5217
11.5041
11.4866
11.469
11.4515
11.434
11.4165
11.3991
11.3816
11.3642
11.3469
11.3295
11.3122
11.2949
11.2776
11.2603
11.2431
11.2259
11.2087
11.1915
11.1744
11.1572
11.1402
11.1231
11.106
11.089
11.072
11.055
11.0381
11.0211
11.0042
10.9873
10.9705
10.9536
10.9368
10.92
10.9032
10.8865
10.8698
10.8531
10.8364
10.8197
10.8031
10.7865
10.7699
10.7533
10.7368
10.7203
10.7038
10.6873
10.6708
10.6544
10.638
10.6216
10.6053
10.5889
10.5726
10.5563
10.54
10.5238
10.5076
10.4914
10.4752
10.459
10.4429
10.4268
10.4107
10.3946
10.3786
10.3626
10.3466
10.3306
10.3146
10.2987
10.2828
10.2669
10.251
10.2352
10.2194
10.2036
10.1878
10.1721
10.1563
10.1406
10.1249
10.1093
10.0936
10.078
10.0624
10.0468
10.0313
10.0157
10.0002
9.98472
9.96925
9.9538
9.93838
9.92298
9.90759
9.89224
9.8769
9.86158
9.84629
9.83102
9.81577
9.80054
9.78533
9.77014
9.75498
9.73984
9.72472
9.70962
9.69454
9.67948
9.66445
9.64944
9.63444
9.61947
9.60452
9.5896
9.57469
9.55981
9.54494
9.5301
9.51528
9.50048
9.4857
9.47094
9.45621
9.44149
9.4268
9.41212
9.39747
9.38284
9.36823
9.35364
9.33907
9.32453
9.31
9.2955
9.28101
9.26655
9.25211
9.23769
9.22329
9.20891
9.19455
9.18021
9.16589
9.1516
9.13732
9.12307
9.10883
9.09462
9.08043
9.06625
9.0521
9.03797
9.02386
9.00977
8.9957
8.98165
8.96762
8.95361
8.93962
8.92566
8.91171
8.89778
8.88387
8.86999
8.85612
8.84228
8.82845
8.81465
8.80086
8.7871
8.77335
8.75963
8.74592
8.73224
8.71857
8.70493
8.6913
8.6777
8.66411
8.65055
8.63701
8.62348
8.60998
8.59649
8.58303
8.56958
8.55615
8.54275
8.52936
8.516
8.50265
8.48932
8.47602
8.46273
8.44946
8.43621
8.42298
8.40977
8.39658
8.38341
8.37026
8.35713
8.34402
8.33093
8.31785
8.3048
8.29177
8.27875
8.26576
8.25278
8.23982
8.22688
8.21397
8.20107
8.18819
8.17533
8.16248
8.14966
8.13686
8.12407
8.11131
8.09856
8.08583
8.07312
8.06043
8.04776
8.03511
8.02248
8.00986
7.99727
7.98469
7.97213
7.95959
7.94707
7.93457
7.92209
7.90963
7.89718
7.88475
7.87234
7.85995
7.84758
7.83523
7.8229
7.81058
7.79828
7.78601
7.77375
7.7615
7.74928
7.73708
7.72489
7.71272
7.70057
7.68844
7.67632
7.66423
7.65215
7.64009
7.62805
7.61603
7.60403
7.59204
7.58007
7.56812
7.55619
7.54427
7.53238
7.5205
7.50864
7.4968
7.48497
7.47316
7.46138
7.4496
7.43785
7.42612
7.4144
7.4027
7.39102
7.37935
7.3677
7.35608
7.34446
7.33287
7.32129
7.30973
7.29819
7.28667
7.27516
7.26367
7.2522
7.24075
7.22931
7.21789
7.20649
7.19511
7.18374
7.17239
7.16106
7.14974
7.13844
7.12716
7.1159
7.10465
7.09342
7.08221
7.07101
7.05984
7.04867
7.03753
7.0264
7.01529
7.0042
6.99312
6.98206
6.97102
6.95999
6.94899
6.93799
6.92702
6.91606
6.90512
6.89419
6.88328
6.87239
6.86152
6.85066
6.83982
6.82899
6.81818
6.80739
6.79662
6.78586
6.77512
6.76439
6.75368
6.74299
6.73231
6.72165
6.71101
6.70038
6.68977
6.67917
6.66859
6.65803
6.64748
6.63695
6.62644
6.61594
6.60546
6.59499
6.58455
6.57411
6.56369
6.55329
6.54291
6.53254
6.52219
6.51185
6.50153
6.49122
6.48093
6.47066
6.4604
6.45016
6.43993
6.42972
6.41953
6.40935
6.39918
6.38903
6.3789
6.36879
6.35869
6.3486
6.33853
6.32848
6.31844
6.30841
6.29841
6.28841
6.27844
6.26848
6.25853
6.2486
6.23868
6.22878
6.2189
6.20903
6.19918
6.18934
6.17951
6.16971
6.15991
6.15014
6.14037
6.13062
6.12089
6.11117
6.10147
6.09178
6.08211
6.07246
6.06281
6.05319
6.04357
6.03398
6.02439
6.01482
6.00527
5.99573
5.98621
5.9767
5.96721
5.95773
5.94826
5.93881
5.92938
5.91996
5.91055
5.90116
5.89179
5.88242
5.87308
5.86374
5.85443
5.84512
5.83583
5.82656
5.8173
5.80805
5.79882
5.7896
5.7804
5.77121
5.76204
5.75288
5.74373
5.7346
5.72548
5.71638
5.70729
5.69822
5.68916
5.68011
5.67108
5.66206
5.65306
5.64407
5.63509
5.62613
5.61718
5.60825
5.59933
5.59042
5.58153
5.57265
5.56378
5.55493
5.5461
5.53727
5.52846
5.51967
5.51089
5.50212
5.49336
5.48462
5.4759
5.46718
5.45848
5.4498
5.44113
5.43247
5.42382
5.41519
5.40657
5.39797
5.38937
5.3808
5.37223
5.36368
5.35514
5.34662
5.33811
5.32961
5.32112
5.31265
5.3042
5.29575
5.28732
5.2789
5.2705
5.2621
5.25373
5.24536
5.23701
5.22867
5.22034
5.21203
5.20373
5.19544
5.18717
5.17891
5.17066
5.16242
5.1542
5.14599
5.13779
5.12961
5.12144
5.11328
5.10514
5.097
5.08888
5.08078
5.07268
5.0646
5.05653
5.04848
5.04043
5.0324
5.02438
5.01638
5.00839
5.00041
4.99244
4.98448
4.97654
4.96861
4.96069
4.95279
4.94489
4.93701
4.92914
4.92129
4.91345
4.90561
4.8978
4.88999
4.88219
4.87441
4.86664
4.85889
4.85114
4.84341
4.83569
4.82798
4.82028
4.8126
4.80492
4.79726
4.78962
4.78198
4.77435
4.76674
4.75914
4.75155
4.74398
4.73641
4.72886
4.72132
4.71379
4.70628
4.69877
4.69128
4.6838
4.67633
4.66887
4.66142
4.65399
4.64657
4.63916
4.63176
4.62437
4.61699
4.60963
4.60228
4.59494
4.58761
4.58029
4.57298
4.56569
4.55841
4.55114
4.54388
4.53663
4.52939
4.52216
4.51495
4.50775
4.50055
4.49337
4.48621
4.47905
4.4719
4.46477
4.45764
4.45053
4.44343
4.43634
4.42926
4.42219
4.41514
4.40809
4.40106
4.39403
4.38702
4.38002
4.37303
4.36605
4.35909
4.35213
4.34518
4.33825
4.33132
4.32441
4.31751
4.31062
4.30374
4.29687
4.29001
4.28316
4.27633
4.2695
4.26269
4.25588
4.24909
4.24231
4.23553

