0
0.677019
1.32113
1.93413
2.51769
3.07341
3.60279
4.10724
4.58809
5.04661
5.48397
5.9013
6.29966
6.68004
7.04338
7.39058
7.72247
8.03985
8.34346
8.63401
8.91217
9.17858
9.43382
9.67846
9.91304
10.1381
10.354
10.5613
10.7604
10.9516
11.1355
11.3123
11.4823
11.646
11.8036
11.9553
12.1016
12.2425
12.3785
12.5097
12.6362
12.7585
12.8765
12.9906
13.101
13.2077
13.3109
13.4108
13.5076
13.6013
13.6921
13.7802
13.8656
13.9485
14.0289
14.1071
14.1829
14.2567
14.3284
14.3981
14.4659
14.5319
14.5962
14.6587
14.7197
14.7791
14.837
14.8935
14.9486
15.0024
15.0549
15.1062
15.1563
15.2052
15.253
15.2998
15.3455
15.3903
15.434
15.4769
15.5188
15.5599
15.6002
15.6396
15.6783
15.7162
15.7533
15.7898
15.8256
15.8607
15.8951
15.9289
15.9622
15.9948
16.0268
16.0583
16.0893
16.1197
16.1496
16.179
16.208
16.2364
16.2645
16.292
16.3192
16.3459
16.3722
16.3981
16.4236
16.4487
16.4735
16.4979
16.522
16.5457
16.5691
16.5921
16.6149
16.6373
16.6594
16.6812
16.7027
16.724
16.745
16.7657
16.7861
16.8063
16.8262
16.8459
16.8653
16.8845
16.9034
16.9222
16.9407
16.959
16.977
16.9949
17.0126
17.03
17.0473
17.0643
17.0812
17.0979
17.1144
17.1307
17.1469
17.1629
17.1787
17.1943
17.2098
17.2251
17.2402
17.2552
17.2701
17.2848
17.2993
17.3137
17.328
17.3421
17.3561
17.3699
17.3837
17.3973
17.4107
17.424
17.4372
17.4503
17.4633
17.4761
17.4889
17.5015
17.514
17.5263
17.5386
17.5508
17.5629
17.5748
17.5867
17.5984
17.6101
17.6216
17.6331
17.6444
17.6557
17.6668
17.6779
17.6889
17.6998
17.7106
17.7213
17.732
17.7425
17.753
17.7634
17.7737
17.7839
17.794
17.8041
17.8141
17.824
17.8338
17.8436
17.8533
17.8629
17.8724
17.8819
17.8913
17.9006
17.9099
17.9191
17.9282
17.9373
17.9463
17.9552
17.9641
17.9729
17.9817
17.9904
17.999
18.0076
18.0161
18.0245
18.0329
18.0413
18.0495
18.0578
18.0659
18.074
18.0821
18.0901
18.0981
18.106
18.1138
18.1217
18.1294
18.1371
18.1448
18.1524
18.1599
18.1674
18.1749
18.1823
18.1897
18.197
18.2043
18.2115
18.2187
18.2259
18.233
18.24
18.2471
18.254
18.261
18.2679
18.2747
18.2815
18.2883
18.2951
18.3017
18.3084
18.315
18.3216
18.3281
18.3346
18.3411
18.3475
18.3539
18.3603
18.3666
18.3729
18.3792
18.3854
18.3916
18.3977
18.4038
18.4099
18.416
18.422
18.428
18.4339
18.4399
18.4458
18.4516
18.4574
18.4632
18.469
18.4747
18.4805
18.4861
18.4918
18.4974
18.503
18.5086
18.5141
18.5196
18.5251
18.5305
18.5359
18.5413
18.5467
18.552
18.5574
18.5627
18.5679
18.5732
18.5784
18.5836
18.5887
18.5938
18.599
18.604
18.6091
18.6141
18.6192
18.6242
18.6291
18.6341
18.639
18.6439
18.6488
18.6536
18.6584
18.6632
18.668
18.6728
18.6775
18.6822
18.6869
18.6916
18.6963
18.7009
18.7055
18.7101
18.7147
18.7192
18.7238
18.7283
18.7328
18.7372
18.7417
18.7461
18.7505
18.7549
18.7593
18.7636
18.768
18.7723
18.7766
18.7809
18.7851
18.7894
18.7936
18.7978
18.802
18.8062
18.8103
18.8145
18.8186
18.8227
18.8268
18.8309
18.8349
18.839
18.843
18.847
18.851
18.8549
18.8589
18.8628
18.8667
18.8707
18.8745
18.8784
18.8823
18.8861
18.89
18.8938
18.8976
18.9014
18.9051
18.9089
18.9126
18.9163
18.9201
18.9238
18.9274
18.9311
18.9348
18.9384
18.942
18.9456
18.9492
18.9528
18.9564
18.96
18.9635
18.967
18.9705
18.9741
18.9775
18.981
18.9845
18.9879
18.9914
18.9948
18.9982
19.0016
19.005
19.0084
19.0118
19.0151
19.0185
19.0218
19.0251
19.0284
19.0317
19.035
19.0382
19.0415
19.0447
19.048
19.0512
19.0544
19.0576
19.0608
19.064
19.0672
19.0703
19.0735
19.0766
19.0797
19.0828
19.0859
19.089
19.0921
19.0952
19.0982
19.1013
19.1043
19.1073
19.1104
19.1134
19.1164
19.1194
19.1223
19.1253
19.1283
19.1312
19.1341
19.1371
19.14
19.1429
19.1458
19.1487
19.1516
19.1544
19.1573
19.1602
19.163
19.1658
19.1687
19.1715
19.1743
19.1771
19.1799
19.1826
19.1854
19.1882
19.1909
19.1937
19.1964
19.1991
19.2019
19.2046
19.2073
19.21
19.2126
19.2153
19.218
19.2206
19.2233
19.2259
19.2286
19.2312
19.2338
19.2364
19.239
19.2416
19.2442
19.2468
19.2494
19.2519
19.2545
19.257
19.2596
19.2621
19.2646
19.2671
19.2696
19.2721
19.2746
19.2771
19.2796
19.2821
19.2845
19.287
19.2894
19.2919
19.2943
19.2967
19.2992
19.3016
19.304
19.3064
19.3088
19.3112
19.3135
19.3159
19.3183
19.3206
19.323
19.3253
19.3277
19.33
19.3323
19.3347
19.337
19.3393
19.3416
19.3439
19.3461
19.3484
19.3507
19.353
19.3552
19.3575
19.3597
19.362
19.3642
19.3664
19.3687
19.3709
19.3731
19.3753
19.3775
19.3797
19.3819
19.384
19.3862
19.3884
19.3905
19.3927
19.3948
19.397
19.3991
19.4013
19.4034
19.4055
19.4076
19.4097
19.4118
19.4139
19.416
19.4181
19.4202
19.4223
19.4243
19.4264
19.4285
19.4305
19.4326
19.4346
19.4367
19.4387
19.4407
19.4427
19.4448
19.4468
19.4488
19.4508
19.4528
19.4548
19.4567
19.4587
19.4607
19.4627
19.4646
19.4666
19.4685
19.4705
19.4724
19.4744
19.4763
19.4782
19.4802
19.4821
19.484
19.4859
19.4878
19.4897
19.4916
19.4935
19.4954
19.4973
19.4992
19.501
19.5029
19.5048
19.5066
19.5085
19.5103
19.5122
19.514
19.5158
19.5177
19.5195
19.5213
19.5231
19.525
19.5268
19.5286
19.5304
19.5322
19.5339
19.5357
19.5375
19.5393
19.5411
19.5428
19.5446
19.5464
19.5481
19.5499
19.5516
19.5534
19.5551
19.5568
19.5586
19.5603
19.562
19.5637
19.5655
19.5672
19.5689
19.5706
19.5723
19.574
19.5757
19.5773
19.579
19.5807
19.5824
19.5841
19.5857
19.5874
19.589
19.5907
19.5923
19.594
19.5956
19.5973
19.5989
19.6005
19.6022
19.6038
19.6054
19.607
19.6087
19.6103
19.6119
19.6135
19.6151
19.6167
19.6183
19.6198
19.6214
19.623
19.6246
19.6262
19.6277
19.6293
19.6309
19.6324
19.634
19.6355
19.6371
19.6386
19.6402
19.6417
19.6432
19.6448
19.6463
19.6478
19.6493
19.6509
19.6524
19.6539
19.6554
19.6569
19.6584
19.6599
19.6614
19.6629
19.6644
19.6659
19.6673
19.6688
19.6703
19.6718
19.6732
19.6747
19.6762
19.6776
19.6791
19.6805
19.682
19.6834
19.6849
19.6863
19.6878
19.6892
19.6906
19.692
19.6935
19.6949
19.6963
19.6977
19.6991
19.7005
19.702
19.7034
19.7048
19.7062
19.7075
19.7089
19.7103
19.7117
19.7131
19.7145
19.7159
19.7172
19.7186
19.72
19.7213
19.7227
19.7241
19.7254
19.7268
19.7281
19.7295
19.7308
19.7321
19.7335
19.7348
19.7362
19.7375
19.7388
19.7401
19.7415
19.7428
19.7441
19.7454
19.7467
19.748
19.7493
19.7507
19.752
19.7533
19.7545
19.7558
19.7571
19.7584
19.7597
19.761
19.7623
19.7635
19.7648
19.7661
19.7674
19.7686
19.7699
19.7712
19.7724
19.7737
19.7749
19.7762
19.7774
19.7787
19.7799
19.7812
19.7824
19.7836
19.7849
19.7861
19.7873
19.7886
19.7898
19.791
19.7922
19.7934
19.7946
19.7959
19.7971
19.7983
19.7995
19.8007
19.8019
19.8031
19.8043
19.8055
19.8067
19.8078
19.809
19.8102
19.8114
19.8126
19.8137
19.8149
19.8161
19.8173
19.8184
19.8196
19.8208
19.8219
19.8231
19.8242
19.8254
19.8265
19.8277
19.8288
19.83
19.8311
19.8323
19.8334
19.8345
19.8357
19.8368
19.8379
19.8391
19.8402
19.8413
19.8424
19.8435
19.8447
19.8458
19.8469
19.848
19.8491
19.8502
19.8513
19.8524
19.8535
19.8546
19.8557
19.8568
19.8579
19.859
19.86
19.8611
19.8622
19.8633
19.8644
19.8654
19.8665
19.8676
19.8687
19.8697
19.8708
19.8719
19.8729
19.874
19.875
19.8761
19.8771
19.8782
19.8792
19.8803
19.8813
19.8824
19.8834
19.8845
19.8855
19.8865
19.8876
19.8886
19.8896
19.8907
19.8917
19.8927
19.8937
19.8948
19.8958
19.8968
19.8978
19.8988
19.8998
19.9008
19.9018
19.9028
19.9039
19.9049
19.9059
19.9068
19.9078
19.9088
19.9098
19.9108
19.9118
19.9128
19.9138
19.9148
19.9157
19.9167
19.9177
19.9187
19.9197
19.9206
19.9216
19.9226
19.9235
19.9245
19.9255
19.9264
19.9274
19.9283
19.9293
19.9302
19.9312
19.9321
19.9331
19.934
19.935
19.9359
19.9369
19.9378
19.9388
19.9397
19.9406
19.9416
19.9425
19.9434
19.9444
19.9453
19.9462
19.9471
19.9481
19.949
19.9499
19.9508
19.9517
19.9526
19.9535
19.9545
19.9554
19.9563
19.9572
19.9581
19.959
19.9599
19.9608
19.9617
19.9626
19.9635
19.9644
19.9653
19.9661
19.967
19.9679
19.9688
19.9697
19.9706
19.9714
19.9723
19.9732
19.9741
19.9749
19.9758
19.9767
19.9776
19.9784
19.9793
19.9802
19.981
19.9819
19.9827
19.9836
19.9844
19.9853
19.9862
19.987
19.9879
19.9887
19.9896
19.9904
19.9912
19.9921
19.9929
19.9938
19.9946
19.9954
19.9963
19.9971
19.9979
19.3218
18.6785
18.0663
17.4836
16.9287
16.4001
15.8965
15.4165
14.9588
14.5222
14.1057
13.7082
13.3286
12.9661
12.6197
12.2886
11.972
11.6692
11.3795
11.1021
10.8365
10.5821
10.3382
10.1044
9.88023
9.6651
9.4586
9.26031
9.06982
8.88676
8.71076
8.54148
8.3786
8.22182
8.07083
7.92537
7.78518
7.65002
7.51963
7.39382
7.27236
7.15506
7.04173
6.93219
6.82627
6.72381
6.62465
6.52866
6.43569
6.34561
6.2583
6.17364
6.09152
6.01183
5.93447
5.85935
5.78636
5.71543
5.64647
5.5794
5.51414
5.45063
5.3888
5.32858
5.26991
5.21272
5.15697
5.1026
5.04956
4.9978
4.94727
4.89792
4.84972
4.80263
4.7566
4.7116
4.66759
4.62454
4.58241
4.54118
4.50081
4.46128
4.42256
4.38462
4.34744
4.31099
4.27525
4.2402
4.20581
4.17207
4.13896
4.10645
4.07454
4.04319
4.01241
3.98216
3.95243
3.92322
3.8945
3.86626
3.83849
3.81117
3.7843
3.75786
3.73184
3.70623
3.68101
3.65618
3.63173
3.60765
3.58393
3.56056
3.53753
3.51484
3.49247
3.47041
3.44867
3.42723
3.40609
3.38523
3.36466
3.34436
3.32434
3.30458
3.28507
3.26582
3.24682
3.22805
3.20953
3.19123
3.17317
3.15532
3.1377
3.12028
3.10308
3.08608
3.06928
3.05268
3.03627
3.02005
3.00401
2.98816
2.97248
2.95699
2.94166
2.9265
2.91151
2.89668
2.88201
2.8675
2.85314
2.83894
2.82488
2.81097
2.7972
2.78357
2.77009
2.75673
2.74352
2.73043
2.71748
2.70465
2.69195
2.67937
2.66692
2.65458
2.64236
2.63026
2.61827
2.6064
2.59463
2.58297
2.57143
2.55998
2.54864
2.53741
2.52627
2.51523
2.5043
2.49345
2.48271
2.47206
2.4615
2.45103
2.44065
2.43036
2.42015
2.41004
2.40001
2.39006
2.38019
2.37041
2.36071
2.35108
2.34154
2.33207
2.32268
2.31336
2.30412
2.29495
2.28585
2.27683
2.26787
2.25899
2.25017
2.24142
2.23274
2.22412
2.21557
2.20709
2.19867
2.19031
2.18201
2.17378
2.1656
2.15749
2.14943
2.14143
2.1335
2.12561
2.11779
2.11002
2.10231
2.09465
2.08704
2.07949
2.07199
2.06454
2.05715
2.0498
2.04251
2.03526
2.02807
2.02092
2.01382
2.00677
1.99977
1.99281
1.9859
1.97904
1.97222
1.96544
1.95871
1.95202
1.94538
1.93878
1.93222
1.9257
1.91923
1.91279
1.9064
1.90005
1.89373
1.88746
1.88122
1.87503
1.86887
1.86275
1.85667
1.85062
1.84461
1.83864
1.8327
1.8268
1.82094
1.81511
1.80931
1.80355
1.79782
1.79213
1.78647
1.78084
1.77525
1.76969
1.76416
1.75866
1.75319
1.74776
1.74235
1.73698
1.73163
1.72632
1.72104
1.71578
1.71056
1.70536
1.7002
1.69506
1.68995
1.68487
1.67981
1.67479
1.66979
1.66481
1.65987
1.65495
1.65006
1.64519
1.64035
1.63554
1.63075
1.62598
1.62124
1.61653
1.61184
1.60717
1.60253
1.59791
1.59332
1.58875
1.5842
1.57968
1.57518
1.5707
1.56625
1.56182
1.55741
1.55302
1.54865
1.54431
1.53999
1.53568
1.5314
1.52715
1.52291
1.51869
1.51449
1.51032
1.50616
1.50202
1.49791
1.49381
1.48973
1.48568
1.48164
1.47762
1.47362
1.46964
1.46568
1.46173
1.45781
1.4539
1.45001
1.44614
1.44229
1.43845
1.43464
1.43084
1.42705
1.42329
1.41954
1.41581
1.41209
1.4084
1.40472
1.40105
1.3974
1.39377
1.39016
1.38656
1.38297
1.37941
1.37585
1.37232
1.3688
1.36529
1.3618
1.35833
1.35487
1.35142
1.34799
1.34457
1.34117
1.33779
1.33441
1.33106
1.32771
1.32438
1.32107
1.31777
1.31448
1.31121
1.30795
1.3047
1.30147
1.29825
1.29504
1.29185
1.28867
1.2855
1.28235
1.27921
1.27608
1.27296
1.26986
1.26677
1.26369
1.26063
1.25757
1.25453
1.25151
1.24849
1.24548
1.24249
1.23951
1.23654
1.23358
1.23064
1.2277
1.22478
1.22187
1.21897
1.21608
1.2132
1.21033
1.20748
1.20463
1.2018
1.19898
1.19617
1.19336
1.19057
1.18779
1.18502
1.18226
1.17952
1.17678
1.17405
1.17133
1.16862
1.16592
1.16324
1.16056
1.15789
1.15523
1.15258
1.14995
1.14732
1.1447
1.14209
1.13949
1.1369
1.13431
1.13174
1.12918
1.12663
1.12408
1.12155
1.11902
1.1165
1.11399
1.11149
1.109
1.10652
1.10405
1.10158
1.09913
1.09668
1.09424
1.09181
1.08939
1.08698
1.08457
1.08218
1.07979
1.07741
1.07504
1.07267
1.07032
1.06797
1.06563
1.0633
1.06097
1.05866
1.05635
1.05405
1.05176
1.04947
1.0472
1.04493
1.04266
1.04041
1.03816
1.03592
1.03369
1.03147
1.02925
1.02704
1.02484
1.02264
1.02045
1.01827
1.0161
1.01393
1.01177
1.00962
1.00747
1.00533
1.0032
1.00108
0.998958
0.996847
0.994742
0.992643
0.990552
0.988467
0.986389
0.984317
0.982252
0.980193
0.978141
0.976096
0.974056
0.972023
0.969997
0.967977
0.965963
0.963955
0.961954
0.959958
0.957969
0.955986
0.954009
0.952039
0.950074
0.948115
0.946162
0.944215
0.942275
0.94034
0.93841
0.936487
0.93457
0.932658
0.930752
0.928852
0.926957
0.925068
0.923185
0.921307
0.919435
0.917569
0.915708
0.913853
0.912003
0.910158
0.908319
0.906486
0.904657
0.902834
0.901017
0.899205
0.897398
0.895596
0.893799
0.892008
0.890222
0.888441
0.886665
0.884895
0.883129
0.881368
0.879613
0.877862
0.876117
0.874376
0.872641
0.87091
0.869184
0.867463
0.865747
0.864036
0.86233
0.860628
0.858932
0.85724
0.855552
0.85387
0.852192
0.850518
0.84885
0.847186
0.845527
0.843872
0.842222
0.840576
0.838935
0.837298
0.835666
0.834038
0.832415
0.830796
0.829182
0.827572
0.825966
0.824365
0.822768
0.821175
0.819587
0.818003
0.816423
0.814848
0.813276
0.811709
0.810146
0.808587
0.807033
0.805482
0.803936
0.802394
0.800855
0.799321
0.797791
0.796265
0.794743
0.793225
0.791711
0.790201
0.788695
0.787193
0.785694
0.7842
0.782709
0.781223
0.77974
0.778261
0.776786
0.775314
0.773847
0.772383
0.770923
0.769467
0.768014
0.766565
0.76512
0.763679
0.762241
0.760807
0.759376
0.757949
0.756526
0.755106
0.75369
0.752278
0.750869
0.749463
0.748061
0.746663
0.745268
0.743877
0.742489
0.741104
0.739723
0.738345
0.736971
0.7356
0.734233
0.732869
0.731508
0.730151
0.728797
0.727446
0.726099
0.724755
0.723414
0.722076
0.720742
0.719411
0.718083
0.716759
0.715437
0.714119
0.712804
0.711493
0.710184
0.708879
0.707576
0.706277
0.704981
0.703688
0.702398
0.701111
0.699828
0.698547
0.697269
0.695995
0.694723
0.693455
0.692189
0.690927
0.689667
0.688411
0.687157
0.685906
0.684659
0.683414
0.682172
0.680933
0.679697
0.678464
0.677233
0.676006
0.674781
0.673559
0.67234
0.671124
0.669911
0.668701
0.667493
0.666288
0.665086
0.663886
0.66269
0.661496
0.660305
0.659116
0.657931
0.656748
0.655567
0.65439
0.653215
0.652043
0.650873
0.649706
0.648542
0.64738
0.646221
0.645065
0.643911
0.642759
0.641611
0.640465
0.639321
0.63818
0.637042
0.635906
0.634773
0.633642
0.632514
0.631388
0.630265
0.629144
0.628026
0.62691
0.625797
0.624686
0.623577
0.622471
0.621368
0.620267
0.619168
0.618072
0.616978
0.615886
0.614797
0.613711
0.612626
0.611544
0.610465
0.609387
0.608312
0.60724
0.60617
0.605102
0.604036
0.602973
0.601912
0.600853
0.599796
0.598742
0.59769
0.596641
0.595593
0.594548
0.593505
0.592464
0.591426
0.59039
0.589355
0.588324
0.587294
0.586266
0.585241
0.584218
0.583197
0.582178
0.581162
0.580147
0.579135
0.578125
0.577117
0.576111
0.575107
0.574105
0.573105
0.572108
0.571112
0.570119
0.569128
0.568139
0.567151
0.566166
0.565183
0.564202
0.563223
0.562246
0.561271
0.560299
0.559328
0.558359
0.557392
0.556427
0.555464
0.554503
0.553544
0.552587
0.551633
0.55068
0.549728
0.548779
0.547832
0.546887
0.545944
0.545002
0.544063
0.543125
0.54219
0.541256
0.540324
0.539394
0.538466
0.53754
0.536616
0.535693
0.534773
0.533854
0.532937
0.532022
0.531109
0.530198
0.529288
0.528381
0.527475
0.526571
0.525669
0.524768
0.52387
0.522973
0.522078
0.521185
0.520293
0.519403
0.518516
0.517629
0.516745
0.515863
0.514982
0.514103
0.513225
0.51235
0.511476
0.510604
0.509733
0.508864
0.507997
0.507132
0.506269
0.505407
0.504546
0.503688
0.502831
0.501976
0.501122
0.500271
0.499421
0.498572
0.497725
0.49688
0.496037
0.495195
0.494355
0.493516
0.492679
0.491844
0.49101
0.490178
0.489347
0.488518
0.487691
0.486866
0.486041
0.485219
0.484398
0.483579
0.482761
0.481945
0.48113
0.480317
0.479506
0.478696
0.477888
0.477081
0.476276
0.475472
0.47467
0.473869
0.47307
0.472273
0.471477
0.470682
0.469889
0.469097
0.468307
0.467519
0.466732
0.465947
0.465163
0.46438
0.463599
0.462819
0.462041
0.461265
0.46049
0.459716
0.458944
0.458173
0.457404
0.456636
0.455869
0.455104
0.454341
0.453579
0.452818
0.452059
0.451301
0.450545
0.44979
0.449036
0.448284
0.447533
0.446784
0.446036
0.44529
0.444545
0.443801
0.443058
0.442317
0.441578
0.44084
0.440103
0.439367
0.438633
0.437901
0.437169
0.436439
0.43571
0.434983
0.434257
0.433532
0.432809
0.432087
0.431367
0.430647
0.429929
0.429213
0.428497
0.427783
0.427071
0.426359
0.425649
0.42494
0.424233
0.423527
0.422822
0.422118
0.421416
0.420715
0.420015
0.419317
0.41862
0.417924
0.417229
0.416536
0.415844
0.415153
0.414463
0.413775
0.413088
0.412402
0.411717
0.411034
0.410352
0.409671
0.408991
0.408313
0.407636
0.40696
0.406285
0.405612

