0
0.354554
0.695741
1.02421
1.34056
1.6454
1.93925
2.22265
2.49608
2.76001
3.01489
3.26113
3.49913
3.72927
3.9519
4.16736
4.37598
4.57806
4.77388
4.96373
5.14786
5.32651
5.49994
5.66834
5.83195
5.99097
6.14557
6.29595
6.44228
6.58472
6.72343
6.85856
6.99025
7.11863
7.24385
7.36601
7.48523
7.60164
7.71532
7.82639
7.93494
8.04107
8.14486
8.24639
8.34574
8.44301
8.53824
8.63152
8.72292
8.81249
8.9003
8.98641
9.07087
9.15374
9.23506
9.3149
9.39328
9.47027
9.5459
9.62022
9.69326
9.76507
9.83567
9.90511
9.97342
10.0406
10.1068
10.1719
10.236
10.2991
10.3613
10.4225
10.4829
10.5423
10.6009
10.6587
10.7157
10.7718
10.8272
10.8819
10.9358
10.989
11.0415
11.0933
11.1445
11.195
11.2449
11.2941
11.3428
11.3908
11.4383
11.4852
11.5316
11.5774
11.6227
11.6675
11.7117
11.7555
11.7988
11.8416
11.8839
11.9258
11.9672
12.0082
12.0488
12.0889
12.1286
12.1679
12.2068
12.2453
12.2835
12.3212
12.3586
12.3957
12.4323
12.4686
12.5046
12.5402
12.5755
12.6105
12.6452
12.6795
12.7135
12.7472
12.7807
12.8138
12.8466
12.8792
12.9114
12.9434
12.9751
13.0066
13.0378
13.0687
13.0993
13.1297
13.1599
13.1898
13.2195
13.2489
13.2781
13.3071
13.3359
13.3644
13.3927
13.4208
13.4486
13.4763
13.5037
13.531
13.558
13.5848
13.6115
13.6379
13.6642
13.6902
13.7161
13.7418
13.7673
13.7926
13.8178
13.8428
13.8675
13.8922
13.9166
13.9409
13.9651
13.989
14.0128
14.0365
14.0599
14.0833
14.1065
14.1295
14.1524
14.1751
14.1977
14.2201
14.2424
14.2646
14.2866
14.3084
14.3302
14.3518
14.3733
14.3946
14.4158
14.4369
14.4578
14.4787
14.4994
14.5199
14.5404
14.5607
14.581
14.6011
14.621
14.6409
14.6606
14.6803
14.6998
14.7192
14.7385
14.7577
14.7768
14.7958
14.8147
14.8334
14.8521
14.8707
14.8891
14.9075
14.9257
14.9439
14.962
14.9799
14.9978
15.0156
15.0333
15.0509
15.0684
15.0858
15.1031
15.1203
15.1375
15.1545
15.1715
15.1884
15.2052
15.2219
15.2385
15.2551
15.2715
15.2879
15.3042
15.3204
15.3365
15.3526
15.3686
15.3845
15.4003
15.4161
15.4317
15.4473
15.4629
15.4783
15.4937
15.509
15.5242
15.5394
15.5545
15.5695
15.5845
15.5993
15.6141
15.6289
15.6436
15.6582
15.6727
15.6872
15.7016
15.716
15.7303
15.7445
15.7587
15.7728
15.7868
15.8008
15.8147
15.8286
15.8423
15.8561
15.8698
15.8834
15.8969
15.9104
15.9239
15.9373
15.9506
15.9639
15.9771
15.9902
16.0033
16.0164
16.0294
16.0423
16.0552
16.0681
16.0809
16.0936
16.1063
16.1189
16.1315
16.144
16.1565
16.1689
16.1813
16.1936
16.2059
16.2182
16.2303
16.2425
16.2546
16.2666
16.2786
16.2905
16.3024
16.3143
16.3261
16.3379
16.3496
16.3613
16.3729
16.3845
16.396
16.4075
16.419
16.4304
16.4418
16.4531
16.4644
16.4756
16.4868
16.498
16.5091
16.5202
16.5312
16.5422
16.5532
16.5641
16.575
16.5858
16.5966
16.6074
16.6181
16.6288
16.6394
16.65
16.6606
16.6711
16.6816
16.6921
16.7025
16.7129
16.7233
16.7336
16.7439
16.7541
16.7643
16.7745
16.7846
16.7947
16.8048
16.8148
16.8248
16.8348
16.8447
16.8546
16.8645
16.8743
16.8841
16.8939
16.9036
16.9133
16.923
16.9326
16.9422
16.9518
16.9613
16.9708
16.9803
16.9898
16.9992
17.0086
17.0179
17.0273
17.0366
17.0458
17.0551
17.0643
17.0735
17.0826
17.0917
17.1008
17.1099
17.1189
17.1279
17.1369
17.1458
17.1548
17.1637
17.1725
17.1814
17.1902
17.1989
17.2077
17.2164
17.2251
17.2338
17.2425
17.2511
17.2597
17.2682
17.2768
17.2853
17.2938
17.3023
17.3107
17.3191
17.3275
17.3359
17.3442
17.3525
17.3608
17.3691
17.3773
17.3855
17.3937
17.4019
17.41
17.4182
17.4263
17.4343
17.4424
17.4504
17.4584
17.4664
17.4744
17.4823
17.4902
17.4981
17.506
17.5138
17.5216
17.5294
17.5372
17.5449
17.5527
17.5604
17.5681
17.5757
17.5834
17.591
17.5986
17.6062
17.6138
17.6213
17.6288
17.6363
17.6438
17.6512
17.6587
17.6661
17.6735
17.6809
17.6882
17.6955
17.7029
17.7102
17.7174
17.7247
17.7319
17.7391
17.7463
17.7535
17.7607
17.7678
17.7749
17.782
17.7891
17.7962
17.8032
17.8102
17.8172
17.8242
17.8312
17.8381
17.8451
17.852
17.8589
17.8658
17.8726
17.8795
17.8863
17.8931
17.8999
17.9066
17.9134
17.9201
17.9268
17.9335
17.9402
17.9469
17.9535
17.9602
17.9668
17.9734
17.98
17.9865
17.9931
17.9996
18.0061
18.0126
18.0191
18.0256
18.032
18.0385
18.0449
18.0513
18.0577
18.064
18.0704
18.0767
18.083
18.0893
18.0956
18.1019
18.1082
18.1144
18.1206
18.1269
18.133
18.1392
18.1454
18.1515
18.1577
18.1638
18.1699
18.176
18.1821
18.1881
18.1942
18.2002
18.2062
18.2123
18.2182
18.2242
18.2302
18.2361
18.2421
18.248
18.2539
18.2598
18.2657
18.2715
18.2774
18.2832
18.289
18.2948
18.3006
18.3064
18.3122
18.3179
18.3237
18.3294
18.3351
18.3408
18.3465
18.3521
18.3578
18.3635
18.3691
18.3747
18.3803
18.3859
18.3915
18.3971
18.4026
18.4082
18.4137
18.4192
18.4247
18.4302
18.4357
18.4411
18.4466
18.452
18.4575
18.4629
18.4683
18.4737
18.4791
18.4844
18.4898
18.4951
18.5005
18.5058
18.5111
18.5164
18.5217
18.5269
18.5322
18.5375
18.5427
18.5479
18.5531
18.5583
18.5635
18.5687
18.5739
18.579
18.5842
18.5893
18.5944
18.5995
18.6046
18.6097
18.6148
18.6199
18.6249
18.63
18.635
18.64
18.645
18.65
18.655
18.66
18.665
18.6699
18.6749
18.6798
18.6848
18.6897
18.6946
18.6995
18.7043
18.7092
18.7141
18.7189
18.7238
18.7286
18.7334
18.7382
18.743
18.7478
18.7526
18.7574
18.7621
18.7669
18.7716
18.7764
18.7811
18.7858
18.7905
18.7952
18.7999
18.8045
18.8092
18.8138
18.8185
18.8231
18.8277
18.8323
18.8369
18.8415
18.8461
18.8507
18.8552
18.8598
18.8643
18.8689
18.8734
18.8779
18.8824
18.8869
18.8914
18.8959
18.9004
18.9048
18.9093
18.9137
18.9182
18.9226
18.927
18.9314
18.9358
18.9402
18.9446
18.9489
18.9533
18.9577
18.962
18.9663
18.9707
18.975
18.9793
18.9836
18.9879
18.9922
18.9964
19.0007
19.005
19.0092
19.0134
19.0177
19.0219
19.0261
19.0303
19.0345
19.0387
19.0429
19.0471
19.0512
19.0554
19.0595
19.0637
19.0678
19.0719
19.076
19.0801
19.0842
19.0883
19.0924
19.0965
19.1006
19.1046
19.1087
19.1127
19.1167
19.1208
19.1248
19.1288
19.1328
19.1368
19.1408
19.1448
19.1487
19.1527
19.1566
19.1606
19.1645
19.1685
19.1724
19.1763
19.1802
19.1841
19.188
19.1919
19.1958
19.1997
19.2035
19.2074
19.2112
19.2151
19.2189
19.2227
19.2266
19.2304
19.2342
19.238
19.2418
19.2455
19.2493
19.2531
19.2568
19.2606
19.2643
19.2681
19.2718
19.2755
19.2793
19.283
19.2867
19.2904
19.2941
19.2978
19.3014
19.3051
19.3088
19.3124
19.3161
19.3197
19.3233
19.327
19.3306
19.3342
19.3378
19.3414
19.345
19.3486
19.3522
19.3558
19.3593
19.3629
19.3664
19.37
19.3735
19.3771
19.3806
19.3841
19.3876
19.3911
19.3946
19.3981
19.4016
19.4051
19.4086
19.412
19.4155
19.4189
19.4224
19.4258
19.4293
19.4327
19.4361
19.4395
19.443
19.4464
19.4498
19.4531
19.4565
19.4599
19.4633
19.4667
19.47
19.4734
19.4767
19.4801
19.4834
19.4867
19.49
19.4934
19.4967
19.5
19.5033
19.5066
19.5099
19.5131
19.5164
19.5197
19.5229
19.5262
19.5295
19.5327
19.5359
19.5392
19.5424
19.5456
19.5488
19.5521
19.5553
19.5585
19.5616
19.5648
19.568
19.5712
19.5744
19.5775
19.5807
19.5838
19.587
19.5901
19.5933
19.5964
19.5995
19.6026
19.6057
19.6088
19.612
19.615
19.6181
19.6212
19.6243
19.6274
19.6304
19.6335
19.6366
19.6396
19.6427
19.6457
19.6487
19.6518
19.6548
19.6578
19.6608
19.6638
19.6668
19.6698
19.6728
19.6758
19.6788
19.6818
19.6847
19.6877
19.6907
19.6936
19.6966
19.6995
19.7025
19.7054
19.7083
19.7112
19.7142
19.7171
19.72
19.7229
19.7258
19.7287
19.7316
19.7344
19.7373
19.7402
19.7431
19.7459
19.7488
19.7516
19.7545
19.7573
19.7602
19.763
19.7658
19.7686
19.7715
19.7743
19.7771
19.7799
19.7827
19.7855
19.7883
19.791
19.7938
19.7966
19.7994
19.8021
19.8049
19.8076
19.8104
19.8131
19.8159
19.8186
19.8213
19.8241
19.8268
19.8295
19.8322
19.8349
19.8376
19.8403
19.843
19.8457
19.8484
19.8511
19.8537
19.8564
19.8591
19.8617
19.8644
19.867
19.8697
19.8723
19.8749
19.8776
19.8802
19.8828
19.8854
19.8881
19.8907
19.8933
19.8959
19.8985
19.9011
19.9036
19.9062
19.9088
19.9114
19.9139
19.9165
19.9191
19.9216
19.9242
19.9267
19.9293
19.9318
19.9343
19.9369
19.9394
19.9419
19.9444
19.9469
19.9494
19.9519
19.9544
19.9569
19.9594
19.9619
19.9644
19.9669
19.9693
19.9718
19.9743
19.9767
19.9792
19.9816
19.9841
19.9865
19.989
19.9914
19.9938
19.9963
19.9987
20.0011
20.0035
19.6514
19.3126
18.9865
18.6726
18.3701
18.0787
17.7977
17.5266
17.2651
17.0126
16.7687
16.5331
16.3053
16.085
15.8719
15.6656
15.4659
15.2724
15.0849
14.9031
14.7268
14.5557
14.3896
14.2283
14.0716
13.9193
13.7712
13.6272
13.4871
13.3507
13.2178
13.0884
12.9623
12.8394
12.7195
12.6025
12.4884
12.377
12.2682
12.1619
12.058
11.9565
11.8572
11.7601
11.665
11.572
11.481
11.3918
11.3045
11.2189
11.135
11.0527
10.9721
10.8929
10.8153
10.7391
10.6643
10.5909
10.5187
10.4479
10.3783
10.3098
10.2426
10.1764
10.1114
10.0474
9.98442
9.92247
9.86149
9.80147
9.74237
9.68417
9.62684
9.57036
9.51471
9.45987
9.40582
9.35253
9.3
9.24819
9.19709
9.14669
9.09697
9.0479
8.99949
8.9517
8.90453
8.85796
8.81198
8.76658
8.72173
8.67744
8.63369
8.59046
8.54775
8.50554
8.46382
8.42259
8.38183
8.34154
8.3017
8.26231
8.22335
8.18482
8.14671
8.10901
8.07171
8.03481
7.9983
7.96217
7.92641
7.89102
7.85599
7.82132
7.78699
7.753
7.71935
7.68603
7.65304
7.62036
7.58799
7.55593
7.52418
7.49272
7.46155
7.43067
7.40008
7.36976
7.33972
7.30995
7.28044
7.25119
7.2222
7.19347
7.16498
7.13674
7.10874
7.08098
7.05345
7.02615
6.99909
6.97224
6.94562
6.91922
6.89303
6.86705
6.84128
6.81572
6.79036
6.7652
6.74023
6.71546
6.69089
6.6665
6.6423
6.61829
6.59445
6.5708
6.54732
6.52402
6.50089
6.47793
6.45514
6.43252
6.41006
6.38776
6.36562
6.34364
6.32182
6.30015
6.27863
6.25726
6.23604
6.21497
6.19404
6.17326
6.15261
6.13211
6.11175
6.09152
6.07142
6.05146
6.03164
6.01194
5.99237
5.97293
5.95362
5.93443
5.91536
5.89641
5.87759
5.85888
5.8403
5.82183
5.80347
5.78523
5.7671
5.74909
5.73118
5.71338
5.69569
5.67811
5.66064
5.64327
5.626
5.60884
5.59178
5.57482
5.55795
5.54119
5.52453
5.50796
5.49148
5.47511
5.45882
5.44263
5.42653
5.41052
5.3946
5.37878
5.36304
5.34738
5.33182
5.31634
5.30094
5.28563
5.27041
5.25526
5.2402
5.22522
5.21032
5.1955
5.18076
5.16609
5.15151
5.137
5.12257
5.10821
5.09393
5.07972
5.06559
5.05153
5.03754
5.02362
5.00978
4.996
4.98229
4.96866
4.95509
4.94159
4.92816
4.91479
4.90149
4.88826
4.87509
4.86198
4.84894
4.83596
4.82305
4.8102
4.79741
4.78468
4.77202
4.75941
4.74686
4.73438
4.72195
4.70958
4.69727
4.68501
4.67282
4.66068
4.64859
4.63657
4.62459
4.61268
4.60081
4.589
4.57725
4.56555
4.5539
4.5423
4.53075
4.51926
4.50782
4.49643
4.48509
4.4738
4.46256
4.45137
4.44022
4.42913
4.41808
4.40709
4.39614
4.38523
4.37438
4.36357
4.35281
4.34209
4.33142
4.32079
4.31021
4.29967
4.28918
4.27873
4.26832
4.25796
4.24764
4.23737
4.22713
4.21694
4.20679
4.19668
4.18661
4.17659
4.1666
4.15666
4.14675
4.13688
4.12706
4.11727
4.10752
4.09782
4.08815
4.07851
4.06892
4.05936
4.04984
4.04036
4.03092
4.02151
4.01214
4.0028
3.99351
3.98424
3.97502
3.96582
3.95667
3.94754
3.93846
3.9294
3.92038
3.9114
3.90245
3.89353
3.88465
3.8758
3.86698
3.85819
3.84944
3.84072
3.83203
3.82338
3.81475
3.80616
3.7976
3.78907
3.78057
3.7721
3.76366
3.75525
3.74688
3.73853
3.73021
3.72192
3.71367
3.70544
3.69724
3.68907
3.68092
3.67281
3.66473
3.65667
3.64864
3.64064
3.63267
3.62472
3.61681
3.60891
3.60105
3.59322
3.58541
3.57762
3.56987
3.56214
3.55444
3.54676
3.53911
3.53148
3.52388
3.51631
3.50876
3.50124
3.49374
3.48627
3.47882
3.47139
3.46399
3.45662
3.44927
3.44194
3.43464
3.42736
3.42011
3.41287
3.40567
3.39848
3.39132
3.38418
3.37707
3.36998
3.36291
3.35586
3.34883
3.34183
3.33485
3.3279
3.32096
3.31405
3.30715
3.30028
3.29344
3.28661
3.2798
3.27302
3.26626
3.25951
3.25279
3.24609
3.23941
3.23275
3.22611
3.2195
3.2129
3.20632
3.19976
3.19322
3.18671
3.18021
3.17373
3.16727
3.16083
3.15441
3.14801
3.14163
3.13526
3.12892
3.1226
3.11629
3.11
3.10374
3.09749
3.09125
3.08504
3.07885
3.07267
3.06651
3.06037
3.05425
3.04814
3.04206
3.03599
3.02993
3.0239
3.01788
3.01188
3.0059
2.99994
2.99399
2.98806
2.98214
2.97625
2.97037
2.9645
2.95865
2.95282
2.94701
2.94121
2.93543
2.92966
2.92392
2.91818
2.91247
2.90676
2.90108
2.89541
2.88976
2.88412
2.8785
2.87289
2.8673
2.86172
2.85616
2.85061
2.84508
2.83957
2.83407
2.82858
2.82311
2.81766
2.81222
2.80679
2.80138
2.79598
2.7906
2.78523
2.77988
2.77454
2.76921
2.7639
2.75861
2.75332
2.74806
2.7428
2.73756
2.73233
2.72712
2.72192
2.71674
2.71156
2.7064
2.70126
2.69613
2.69101
2.6859
2.68081
2.67573
2.67067
2.66562
2.66058
2.65555
2.65054
2.64554
2.64055
2.63558
2.63061
2.62567
2.62073
2.6158
2.61089
2.60599
2.60111
2.59623
2.59137
2.58652
2.58168
2.57686
2.57204
2.56724
2.56245
2.55768
2.55291
2.54816
2.54342
2.53869
2.53397
2.52926
2.52457
2.51988
2.51521
2.51055
2.5059
2.50127
2.49664
2.49203
2.48742
2.48283
2.47825
2.47368
2.46912
2.46458
2.46004
2.45551
2.451
2.4465
2.442
2.43752
2.43305
2.42859
2.42414
2.4197
2.41527
2.41086
2.40645
2.40205
2.39767
2.39329
2.38892
2.38457
2.38023
2.37589
2.37157
2.36725
2.36295
2.35865
2.35437
2.3501
2.34583
2.34158
2.33734
2.3331
2.32888
2.32466
2.32046
2.31626
2.31208
2.3079
2.30374
2.29958
2.29544
2.2913
2.28717
2.28305
2.27895
2.27485
2.27076
2.26668
2.26261
2.25854
2.25449
2.25045
2.24641
2.24239
2.23837
2.23437
2.23037
2.22638
2.2224
2.21843
2.21447
2.21051
2.20657
2.20264
2.19871
2.19479
2.19088
2.18698
2.18309
2.17921
2.17533
2.17147
2.16761
2.16376
2.15992
2.15609
2.15227
2.14845
2.14465
2.14085
2.13706
2.13328
2.12951
2.12574
2.12199
2.11824
2.1145
2.11077
2.10704
2.10333
2.09962
2.09592
2.09223
2.08855
2.08487
2.0812
2.07754
2.07389
2.07025
2.06661
2.06298
2.05936
2.05575
2.05214
2.04855
2.04496
2.04138
2.0378
2.03424
2.03068
2.02712
2.02358
2.02004
2.01652
2.01299
2.00948
2.00597
2.00247
1.99898
1.9955
1.99202
1.98855
1.98509
1.98163
1.97819
1.97475
1.97131
1.96789
1.96447
1.96105
1.95765
1.95425
1.95086
1.94748
1.9441
1.94073
1.93737
1.93401
1.93066
1.92732
1.92399
1.92066
1.91734
1.91402
1.91072
1.90741
1.90412
1.90083
1.89755
1.89428
1.89101
1.88775
1.8845
1.88125
1.87801
1.87478
1.87155
1.86833
1.86511
1.86191
1.8587
1.85551
1.85232
1.84914
1.84596
1.8428
1.83963
1.83648
1.83333
1.83018
1.82705
1.82391
1.82079
1.81767
1.81456
1.81145
1.80835
1.80526
1.80217
1.79909
1.79602
1.79295
1.78988
1.78683
1.78378
1.78073
1.77769
1.77466
1.77163
1.76861
1.7656
1.76259
1.75959
1.75659
1.7536
1.75061
1.74764
1.74466
1.74169
1.73873
1.73578
1.73283
1.72988
1.72694
1.72401
1.72108
1.71816
1.71525
1.71234
1.70943
1.70653
1.70364
1.70075
1.69787
1.695
1.69213
1.68926
1.6864
1.68355
1.6807
1.67785
1.67502
1.67219
1.66936
1.66654
1.66372
1.66091
1.65811
1.65531
1.65251
1.64972
1.64694
1.64416
1.64139
1.63862
1.63586
1.6331
1.63035
1.6276
1.62486
1.62213
1.6194
1.61667
1.61395
1.61124
1.60853
1.60582
1.60312
1.60043
1.59774
1.59505
1.59237
1.5897
1.58703
1.58436
1.5817
1.57905
1.5764
1.57376
1.57112
1.56848
1.56585
1.56323
1.56061
1.55799
1.55538
1.55278
1.55018
1.54758
1.54499
1.54241
1.53983
1.53725
1.53468
1.53211
1.52955
1.527
1.52444
1.5219
1.51935
1.51682
1.51428
1.51176
1.50923
1.50671
1.5042
1.50169
1.49918
1.49668
1.49419
1.4917
1.48921
1.48673
1.48425
1.48178
1.47931
1.47684
1.47439
1.47193
1.46948
1.46703
1.46459
1.46216
1.45972
1.4573
1.45487
1.45245
1.45004
1.44763
1.44522
1.44282
1.44042
1.43803
1.43564
1.43326
1.43088
1.4285
1.42613
1.42377
1.4214
1.41905
1.41669
1.41434
1.412
1.40966
1.40732
1.40499
1.40266
1.40034
1.39802
1.3957
1.39339
1.39108
1.38878
1.38648
1.38418
1.38189
1.37961
1.37732
1.37505
1.37277
1.3705
1.36823
1.36597
1.36371
1.36146
1.35921
1.35696
1.35472
1.35248
1.35025
1.34802
1.34579
1.34357
1.34135
1.33914
1.33693
1.33472
1.33252
1.33032
1.32813
1.32594
1.32375
1.32157
1.31939
1.31722
1.31505
1.31288
1.31071
1.30856
1.3064
1.30425
1.3021
1.29996
1.29782
1.29568
1.29355
1.29142
1.28929
1.28717
1.28505
1.28294
1.28083
1.27872
1.27662
1.27452
1.27242
1.27033
1.26824
1.26616
1.26408
1.262
1.25993
1.25786
1.25579
1.25373
1.25167
1.24961
1.24756
1.24551
1.24347
1.24143
1.23939
1.23736
1.23533
1.2333
1.23128
1.22926
1.22724
1.22523
1.22322
1.22121
1.21921
1.21721
1.21522
1.21323
1.21124
1.20925
1.20727
1.20529
1.20332
1.20135
1.19938
1.19742
1.19546
1.1935
1.19155
1.18959
1.18765

